flop 118933 7 0.345
flop 303334 12 0.7
flop 319701 11 0.687
flop 73924 10 0.416
flop 90291 9 0.361
flop 307426 12 0.61
flop 2136746 8 0.85
flop 1093796 8 0.91
flop 186038 9 0.751
flop 2108882 11 0.978
flop 1102034 11 0.951
flop 186311 10 0.74
flop 299243 12 0.7
flop 540804 6 0.866
flop 290915 4 0.23
flop 303335 12 0.68
flop 319702 11 0.682
flop 73762 0 0.43
flop 90292 9 0.369
flop 123026 7 0.313
flop 307427 12 0.655
flop 299186 9 0.33
flop 286867 7 0.29
flop 73778 1 0.524
flop 299244 12 0.738
flop 156306 7 0.588
flop 178868 9 0.72
flop 186585 11 0.839
flop 118935 7 0.361
flop 156579 8 0.62
flop 1106135 11 0.971
flop 73926 10 0.436
flop 122946 2 0.164
flop 81987 2 0.552
flop 278596 2 0.923
flop 86199 9 0.397
flop 190950 12 0.841
flop 157125 10 0.676
flop 178871 9 0.742
flop 2137292 10 0.9
flop 278663 6 0.301
flop 122962 3 0.173
flop 90195 3 0.262
flop 540756 3 0.831
flop 184978 7 0.618
flop 172674 6 0.596
flop 86202 9 0.425
flop 157028 4 0.669
flop 172947 7 0.637
flop 47802 9 0.445
flop 73927 10 0.433
flop 90294 9 0.636
flop 114786 4 0.202
flop 106595 4 0.227
flop 90212 4 0.6
flop 90213 4 0.616
flop 286822 4 0.909
flop 173493 9 0.7
flop 2137565 11 0.92
flop 2107794 7 0.98
flop 173766 10 0.73
flop 270450 5 0.925
flop 98419 5 0.239
flop 90228 5 0.29
flop 98421 5 0.33
flop 90230 5 0.644
flop 2128759 5 0.945
flop 311461 8 0.463
flop 303338 12 0.947
flop 1106137 11 0.96
flop 1106072 7 0.908
flop 189315 6 0.618
flop 90295 9 0.399
flop 173221 8 0.74
flop 270466 6 0.929
flop 82051 6 0.23
flop 98436 6 0.646
flop 123013 6 0.307
flop 73862 6 0.265
flop 90247 6 0.363
flop 98440 6 0.656
flop 311522 12 0.633
flop 156838 8 0.677
flop 190134 9 0.721
flop 90258 7 0.273
flop 123027 7 0.315
flop 82068 7 0.592
flop 123029 7 0.344
flop 123030 7 0.358
flop 123031 7 0.367
flop 82072 7 0.313
flop 73929 10 0.466
flop 2107250 5 0.98
flop 173222 8 0.738
flop 185219 6 0.635
flop 303266 8 0.906
flop 106659 8 0.681
flop 82084 8 0.599
flop 106661 8 0.69
flop 303270 8 0.93
flop 106663 8 0.715
flop 106664 8 0.726
flop 114857 8 0.488
flop 106666 8 0.724
flop 311462 8 0.39
flop 4243651 10 1.0
flop 152419 4 0.611
flop 106674 9 0.354
flop 286899 9 0.408
flop 114868 9 0.437
flop 90293 9 0.387
flop 73910 9 0.384
flop 106679 9 0.441
flop 90296 9 0.421
flop 106681 9 0.494
flop 565434 9 0.935
flop 51914 10 0.467
flop 161141 5 0.807
flop 78022 10 0.439
flop 94389 9 0.391
flop 82114 10 0.39
flop 90307 10 0.409
flop 82116 10 0.608
flop 114885 10 0.759
flop 90310 10 0.648
flop 90311 10 0.454
flop 73928 10 0.45
flop 557257 10 0.927
flop 303306 10 0.944
flop 73931 10 0.49
flop 114892 10 0.777
flop 270370 0 0.928
flop 270436 4 0.238
flop 278674 7 0.3
flop 161494 11 0.688
flop 270546 11 0.936
flop 73939 11 0.46
flop 98516 11 0.473
flop 73941 11 0.483
flop 123094 11 0.585
flop 73943 11 0.509
flop 90328 11 0.51
flop 123097 11 0.608
flop 82138 11 0.536
flop 98523 11 0.543
flop 90332 11 0.541
flop 2112435 9 0.988
flop 78023 10 0.438
flop 123106 12 0.809
flop 319715 12 0.942
flop 123108 12 0.82
flop 123109 12 0.83
flop 106726 12 0.569
flop 106727 12 0.587
flop 106728 12 0.592
flop 1106153 12 0.987
flop 106730 12 0.764
flop 106731 12 0.629
flop 123116 12 0.868
flop 114925 12 0.641
flop 123118 12 0.837
flop 177862 10 0.717
flop 73925 10 0.424
flop 2112163 8 0.984
flop 307434 12 0.7
flop 2106162 1 0.975
flop 270555 11 0.655
flop 178408 12 0.788
flop 110758 8 0.409
flop 315542 7 0.4
flop 2120901 10 1.0
flop 98483 9 0.354
flop 114850 8 0.369
flop 315618 12 0.7
flop 2111891 7 0.977
flop 165250 6 0.655
flop 165251 6 0.667
flop 307435 12 0.949
flop 165252 6 0.708
flop 94392 9 0.435
flop 187098 11 0.881
flop 189829 6 0.639
flop 98484 9 0.37
flop 2111619 6 0.982
flop 157062 6 0.689
flop 315619 12 0.655
flop 1093798 8 0.895
flop 1102036 11 0.964
flop 165558 9 0.667
flop 98354 1 0.151
flop 2153181 11 1.0
flop 2131336 6 0.985
flop 274483 1 0.92
flop 307436 12 0.748
flop 164498 7 0.629
flop 94393 9 0.45
flop 2107528 6 0.758
flop 2111347 5 0.985
flop 164771 8 0.636
flop 2107801 7 0.81
flop 98485 9 0.383
flop 177364 11 0.689
flop 165044 9 0.668
flop 315620 12 0.645
flop 86210 10 0.393
flop 165317 10 0.699
flop 2117076 11 0.99
flop 1089652 5 0.887
flop 165590 11 0.725
flop 2111075 4 0.984
flop 180866 6 0.596
flop 94394 9 0.44
flop 110761 8 0.504
flop 2108893 11 0.925
flop 181139 7 0.645
flop 1085541 4 0.867
flop 82119 10 0.435
flop 98486 9 0.397
flop 114853 8 0.393
flop 181412 8 0.672
flop 2116804 10 0.985
flop 177637 12 0.717
flop 307432 12 0.665
flop 102578 9 0.344
flop 169362 7 0.71
flop 1093731 4 0.892
flop 182231 11 0.766
flop 1085506 2 0.895
flop 4210755 2 1.0
flop 82120 10 0.464
flop 98487 9 0.428
flop 114854 8 0.404
flop 2110531 2 0.975
flop 102579 9 0.362
flop 118946 8 0.358
flop 319714 12 0.939
flop 169367 7 0.727
flop 106562 2 0.152
flop 165272 7 0.725
flop 160834 2 0.577
flop 311363 2 0.205
flop 2157294 12 0.995
flop 311531 12 0.748
flop 81988 2 0.511
flop 82121 10 0.465
flop 98488 9 0.708
flop 114855 8 0.419
flop 315623 12 0.715
flop 169945 11 0.772
flop 86213 10 0.624
flop 319623 6 0.343
flop 152772 10 0.662
flop 118947 8 0.377
flop 1106147 12 0.984
flop 2115988 7 0.99
flop 2111078 4 0.718
flop 311532 12 0.954
flop 106660 8 0.685
flop 114898 11 0.481
flop 2111624 6 0.74
flop 114856 8 0.451
flop 315624 12 0.708
flop 1102037 11 0.962
flop 2115716 6 0.982
flop 169140 9 0.65
flop 1106148 12 0.982
flop 190325 5 0.694
flop 90306 10 0.384
flop 2139204 2 0.66
flop 165799 8 0.695
flop 186774 7 0.759
flop 173474 8 0.735
flop 169686 11 0.702
flop 311533 12 0.745
flop 184962 6 0.602
flop 98490 9 0.462
flop 274647 11 0.625
flop 1101973 7 0.875
flop 4243653 10 1.0
flop 185235 7 0.647
flop 86215 10 0.446
flop 102582 9 0.412
flop 118949 8 0.388
flop 1106149 12 0.979
flop 73940 11 0.473
flop 173478 8 0.732
flop 270547 11 0.575
flop 290951 6 0.938
flop 1097891 8 0.883
flop 173479 8 0.753
flop 94290 3 0.177
flop 282771 7 0.302
flop 186054 10 0.721
flop 2115172 4 0.979
flop 86099 3 0.572
flop 311509 11 0.56
flop 73812 3 0.22
flop 278676 7 0.929
flop 86216 10 0.458
flop 102583 9 0.448
flop 307318 5 0.28
flop 282709 3 0.914
flop 319718 12 0.945
flop 2127223 5 0.995
flop 90308 10 0.427
flop 106675 9 0.374
flop 123042 8 0.358
flop 2114082 0 0.605
flop 315627 12 0.765
flop 2114355 1 0.615
flop 86217 10 0.461
flop 102584 9 0.477
flop 118951 8 0.411
flop 1106151 12 0.985
flop 73942 11 0.494
flop 148002 0 0.46
flop 106676 9 0.376
flop 156868 10 0.663
flop 123043 8 0.362
flop 78034 11 0.459
flop 148178 11 0.628
flop 157141 11 0.701
flop 188978 1 0.532
flop 2115447 5 0.745
flop 315628 12 0.777
flop 172690 7 0.565
flop 86218 10 0.452
flop 102585 9 0.74
flop 98532 12 0.534
flop 118952 8 0.436
flop 319720 12 0.952
flop 46517 9 0.369
flop 2115993 7 0.772
flop 106677 9 0.398
flop 16962 2 0.17
flop 123044 8 0.371
flop 148036 2 0.601
flop 307330 6 0.275
flop 94402 10 0.393
flop 173509 10 0.705
flop 94306 4 0.201
flop 1106055 6 0.875
flop 114899 11 0.496
flop 173782 11 0.671
flop 164434 3 0.569
flop 102499 4 0.217
flop 148052 3 0.632
flop 86219 10 0.488
flop 102586 9 0.504
flop 114788 4 0.231
flop 2117085 11 0.925
flop 172964 8 0.747
flop 189331 7 0.645
flop 177594 9 0.804
flop 102501 4 0.269
flop 156870 10 0.71
flop 123045 8 0.387
flop 25186 4 0.208
flop 123028 7 0.318
flop 78036 11 0.478
flop 90214 4 0.592
flop 94403 10 0.404
flop 148066 4 0.562
flop 189877 9 0.657
flop 282823 10 0.525
flop 311465 8 0.455
flop 319703 11 0.71
flop 190150 10 0.725
flop 4243654 10 1.0
flop 164466 5 0.59
flop 148084 5 0.625
flop 182167 7 0.726
flop 144050 9 0.609
flop 4251882 12 1.0
flop 90312 10 0.463
flop 270548 11 0.57
flop 123046 8 0.401
flop 299190 9 0.482
flop 33410 6 0.238
flop 164483 6 0.687
flop 94404 10 0.415
flop 110771 9 0.71
flop 164486 6 0.696
flop 164487 6 0.706
flop 164488 6 0.72
flop 1093818 9 0.888
flop 2119269 4 0.98
flop 189074 7 0.614
flop 2118178 0 0.625
flop 148116 7 0.624
flop 144051 9 0.645
flop 156310 7 0.705
flop 1106155 12 0.982
flop 73946 11 0.529
flop 173220 8 0.861
flop 90313 10 0.465
flop 106680 9 0.473
flop 123047 8 0.415
flop 50629 10 0.4
flop 2118724 2 0.665
flop 41634 8 0.294
flop 110772 9 0.723
flop 172708 8 0.732
flop 172709 8 0.736
flop 156326 8 0.713
flop 172711 8 0.761
flop 82130 11 0.455
flop 172713 8 0.765
flop 172714 8 0.787
flop 73842 5 0.543
flop 181704 10 0.813
flop 180914 9 0.647
flop 94323 5 0.607
flop 148148 9 0.667
flop 1106156 12 0.98
flop 73947 11 0.548
flop 2124726 9 0.988
flop 90314 10 0.475
flop 73844 5 0.219
flop 172730 9 0.792
flop 123048 8 0.426
flop 286853 6 0.28
flop 177059 8 0.629
flop 78039 11 0.509
flop 94325 5 0.635
flop 94406 10 0.445
flop 110773 9 0.725
flop 49858 10 0.351
flop 180931 10 0.752
flop 148164 10 0.686
flop 98422 5 0.359
flop 156358 10 0.711
flop 180935 10 0.788
flop 98498 10 0.399
flop 180937 10 0.815
flop 180938 10 0.836
flop 290935 5 0.914
flop 180940 10 0.83
flop 177878 11 0.717
flop 189138 11 0.672
flop 319725 12 0.961
flop 73948 11 0.548
flop 90315 10 0.476
flop 106682 9 0.769
flop 164568 11 0.772
flop 123049 8 0.44
flop 172762 11 0.828
flop 180956 11 0.847
flop 78020 10 0.424
flop 58082 12 0.427
flop 169845 5 0.639
flop 82132 11 0.615
flop 165076 11 0.659
flop 98499 10 0.404
flop 114866 9 0.416
flop 164584 12 0.763
flop 189161 12 0.846
flop 172778 12 0.799
flop 1102039 11 0.963
flop 189164 12 0.868
flop 189165 12 0.872
flop 189166 12 0.878
flop 4251886 12 1.0
flop 185811 11 0.801
flop 94387 9 0.355
flop 148146 9 0.612
flop 174039 11 0.75
flop 78041 11 0.521
flop 94408 10 0.462
flop 110775 9 0.743
flop 2123910 6 0.981
flop 54741 11 0.435
flop 1102035 11 0.957
flop 82133 11 0.492
flop 98500 10 0.425
flop 114867 9 0.423
flop 161239 11 0.733
flop 73858 6 0.553
flop 165336 11 0.734
flop 73859 6 0.236
flop 2148552 10 0.995
flop 2123638 5 0.99
flop 1097893 8 0.897
flop 169433 11 0.761
flop 78042 11 0.519
flop 123012 6 0.289
flop 94409 10 0.474
flop 110776 9 0.754
flop 174312 12 0.761
flop 164787 9 0.641
flop 319555 2 0.18
flop 73861 6 0.261
flop 82134 11 0.506
flop 98501 10 0.432
flop 177627 11 0.801
flop 165060 10 0.677
flop 82054 6 0.3
flop 86226 11 0.455
flop 181724 11 0.85
flop 165333 11 0.735
flop 94343 6 0.682
flop 181700 10 0.785
flop 2157772 10 0.895
flop 2151901 11 0.988
flop 315558 8 0.454
flop 295048 6 0.914
flop 189234 1 0.555
flop 172851 1 0.484
flop 78043 11 0.546
flop 94410 10 0.489
flop 110777 9 0.768
flop 181155 8 0.659
flop 82135 11 0.491
flop 98502 10 0.441
flop 114869 9 0.453
flop 303283 9 0.41
flop 17219 2 0.196
flop 148292 2 0.596
flop 86227 11 0.476
flop 2124458 8 0.81
flop 102594 10 0.401
flop 165747 5 0.65
flop 181974 11 0.744
flop 181075 3 0.575
flop 78044 11 0.562
flop 94411 10 0.48
flop 182247 12 0.755
flop 189924 12 0.819
flop 82136 11 0.504
flop 98503 10 0.463
flop 58853 12 0.477
flop 156514 4 0.652
flop 25443 4 0.233
flop 148324 4 0.635
flop 156517 4 0.677
flop 102595 10 0.416
flop 118962 9 0.412
flop 181702 10 0.809
flop 161255 12 0.739
flop 73874 7 0.552
flop 189928 12 0.839
flop 102547 7 0.66
flop 148340 5 0.665
flop 156534 5 0.667
flop 78021 10 0.433
flop 270386 1 0.906
flop 73876 7 0.275
flop 82137 11 0.512
flop 98504 10 0.71
flop 114871 9 0.465
flop 77973 7 0.291
flop 144034 8 0.606
flop 1102040 11 0.964
flop 164738 6 0.696
flop 33667 6 0.25
flop 102596 10 0.43
flop 299158 7 0.92
flop 156550 6 0.694
flop 164743 6 0.711
flop 164744 6 0.707
flop 73954 12 0.581
flop 102551 7 0.697
flop 94388 9 0.376
flop 102552 7 0.712
flop 156563 7 0.606
flop 148372 7 0.664
flop 156566 7 0.652
flop 299161 7 0.913
flop 164760 7 0.747
flop 98505 10 0.493
flop 114872 9 0.489
flop 165064 10 0.76
flop 168883 9 0.657
flop 86230 11 0.493
flop 102597 10 0.442
flop 41891 8 0.306
flop 148388 8 0.648
flop 172965 8 0.758
flop 110755 8 0.382
flop 73955 12 0.526
flop 190407 10 0.744
flop 172969 8 0.729
flop 172970 8 0.761
flop 299192 9 0.44
flop 4223143 8 1.0
flop 169702 12 0.716
flop 156595 9 0.603
flop 1085586 7 0.885
flop 82139 11 0.533
flop 90242 6 0.242
flop 98506 10 0.504
flop 114873 9 0.523
flop 172986 9 0.797
flop 536675 4 0.866
flop 185251 8 0.64
flop 86231 11 0.517
flop 102598 10 0.452
flop 118965 9 0.447
flop 181186 10 0.763
flop 50115 10 0.368
flop 536659 3 0.86
flop 73956 12 0.534
flop 90323 11 0.47
flop 181191 10 0.774
flop 106690 10 0.398
flop 181193 10 0.798
flop 181194 10 0.828
flop 164520 8 0.77
flop 181196 10 0.82
flop 106658 8 0.674
flop 152245 9 0.684
flop 114851 8 0.361
flop 148436 11 0.648
flop 2145467 9 0.97
flop 98507 10 0.515
flop 114874 9 0.558
flop 164824 11 0.78
flop 114852 8 0.38
flop 173018 11 0.801
flop 86232 11 0.506
flop 102599 10 0.457
flop 110757 8 0.388
flop 181706 10 0.813
flop 73930 10 0.485
flop 189410 12 0.854
flop 58339 12 0.444
flop 90324 11 0.471
flop 106662 8 0.704
flop 106691 10 0.412
flop 123058 9 0.418
flop 164840 12 0.75
flop 189417 12 0.85
flop 189418 12 0.855
flop 82087 8 0.362
flop 181228 12 0.839
flop 189421 12 0.867
flop 189422 12 0.872
flop 110760 8 0.465
flop 2132920 9 0.98
flop 90297 9 0.414
flop 86185 8 0.372
flop 86233 11 0.527
flop 102600 10 0.491
flop 303274 8 0.917
flop 73958 12 0.561
flop 189299 5 0.634
flop 299138 6 0.282
flop 106692 10 0.429
flop 123059 9 0.418
flop 190664 10 0.784
flop 157157 12 0.662
flop 2127189 3 0.695
flop 1093781 7 0.897
flop 144035 8 0.61
flop 1102041 11 0.971
flop 86234 11 0.538
flop 102601 10 0.739
flop 118968 9 0.487
flop 303339 12 0.672
flop 172979 9 0.631
flop 73959 12 0.57
flop 2131012 2 0.645
flop 106693 10 0.448
flop 123060 9 0.432
flop 173252 10 0.639
flop 94418 11 0.457
flop 157158 12 0.692
flop 173525 11 0.711
flop 160402 7 0.586
flop 110770 9 0.706
flop 173798 12 0.736
flop 73907 9 0.35
flop 86235 11 0.545
flop 189813 5 0.654
flop 102602 10 0.52
flop 102580 9 0.375
flop 169161 10 0.762
flop 110756 8 0.384
flop 189347 8 0.646
flop 86197 9 0.621
flop 106694 10 0.454
flop 123061 9 0.436
flop 164930 2 0.552
flop 189620 9 0.707
flop 173124 2 0.535
flop 110774 9 0.733
flop 94419 11 0.459
flop 110786 10 0.394
flop 189893 10 0.704
flop 94391 9 0.674
flop 160675 8 0.633
flop 148018 1 0.547
flop 78008 9 0.409
flop 86236 11 0.548
flop 102603 10 0.525
flop 86201 9 0.413
flop 144066 10 0.617
flop 73961 12 0.586
flop 315560 8 0.44
flop 90298 9 0.425
flop 106695 10 0.473
flop 123062 9 0.451
flop 2133742 12 0.97
flop 156770 4 0.593
flop 156771 4 0.648
flop 25700 4 0.26
flop 156773 4 0.671
flop 110787 10 0.42
flop 1093749 5 0.885
flop 2147010 10 0.983
flop 4218998 5 1.0
flop 160948 9 0.649
flop 170168 9 0.764
flop 156342 9 0.685
flop 181364 5 0.613
flop 185765 8 0.647
flop 156790 5 0.659
flop 160434 9 0.65
flop 532530 1 0.787
flop 73962 12 0.594
flop 90329 11 0.518
flop 123063 9 0.475
flop 160707 10 0.639
flop 282772 7 0.325
flop 2118740 3 0.99
flop 78054 12 0.554
flop 94421 11 0.494
flop 164995 6 0.694
flop 164996 6 0.844
flop 164997 6 0.708
flop 156806 6 0.679
flop 164999 6 0.685
flop 165000 6 0.702
flop 82146 12 0.511
flop 161253 12 0.698
flop 311490 10 0.924
flop 172710 8 0.776
flop 161221 10 0.651
flop 4227208 6 1.0
flop 86211 10 0.404
flop 173204 7 0.628
flop 156822 7 0.644
flop 73963 12 0.607
flop 90330 11 0.536
flop 86212 10 0.426
flop 106697 10 0.529
flop 123064 9 0.482
flop 82117 10 0.439
flop 94422 11 0.513
flop 110789 10 0.434
flop 173219 8 0.722
flop 156836 8 0.644
flop 82118 10 0.446
flop 106665 8 0.741
flop 82147 12 0.531
flop 173224 8 0.764
flop 173225 8 0.745
flop 173226 8 0.732
flop 295111 10 0.53
flop 2156776 12 0.992
flop 1102042 11 0.955
flop 315506 5 0.275
flop 106696 10 0.497
flop 156852 9 0.634
flop 73964 12 0.614
flop 90331 11 0.548
flop 123081 10 0.546
flop 106698 10 0.77
flop 123065 9 0.496
flop 173242 9 0.779
flop 123032 7 0.379
flop 114890 10 0.804
flop 94423 11 0.677
flop 110790 10 0.443
flop 181442 10 0.755
flop 82123 10 0.482
flop 50372 10 0.385
flop 82148 12 0.621
flop 181446 10 0.793
flop 319707 11 0.728
flop 114882 10 0.741
flop 311500 10 0.934
flop 181450 10 0.821
flop 181451 10 0.832
flop 181452 10 0.808
flop 2106914 0 0.945
flop 82115 10 0.419
flop 2144392 6 0.745
flop 73965 12 0.619
flop 189652 11 0.727
flop 270552 11 0.578
flop 106699 10 0.539
flop 123066 9 0.508
flop 299194 9 0.523
flop 1106134 11 0.965
flop 173274 11 0.815
flop 78057 12 0.574
flop 94424 11 0.521
flop 110791 10 0.468
flop 189666 12 0.795
flop 189667 12 0.81
flop 58596 12 0.46
flop 189669 12 0.845
flop 114883 10 0.747
flop 189671 12 0.86
flop 189672 12 0.85
flop 189673 12 0.86
flop 173290 12 0.811
flop 189675 12 0.882
flop 181484 12 0.866
flop 73938 11 0.576
flop 189678 12 0.872
flop 78035 11 0.595
flop 164530 9 0.625
flop 78058 12 0.6
flop 94425 11 0.538
flop 110792 10 0.493
flop 164803 10 0.628
flop 90325 11 0.495
flop 2141658 11 0.998
flop 82150 12 0.564
flop 98517 11 0.498
flop 4202530 0 1.0
flop 114884 10 0.758
flop 90326 11 0.65
flop 2123109 4 0.985
flop 86242 12 0.511
flop 311524 12 0.675
flop 90327 11 0.512
flop 73944 11 0.509
flop 2144938 8 0.89
flop 73945 11 0.525
flop 94426 11 0.532
flop 110793 10 0.53
flop 565483 12 0.939
flop 119002 11 0.834
flop 319653 8 0.455
flop 82151 12 0.56
flop 98518 11 0.512
flop 2106658 0 0.96
flop 106715 11 0.591
flop 2123110 4 0.987
flop 2139477 3 0.665
flop 86243 12 0.532
flop 102610 11 0.452
flop 82140 11 0.55
flop 1097842 5 0.885
flop 4223091 5 1.0
flop 2139750 4 0.695
flop 315613 11 0.939
flop 181990 12 0.754
flop 177080 9 0.796
flop 169445 12 0.731
flop 78060 12 0.619
flop 110794 10 0.556
flop 82152 12 0.572
flop 98519 11 0.526
flop 114886 10 0.768
flop 1102043 11 0.96
flop 2114884 2 0.965
flop 86244 12 0.547
flop 102611 11 0.473
flop 118978 10 0.467
flop 78050 12 0.514
flop 189778 3 0.612
flop 78051 12 0.603
flop 94428 11 0.551
flop 165205 3 0.59
flop 110795 10 0.797
flop 152258 10 0.635
flop 119012 12 0.554
flop 82153 12 0.583
flop 98520 11 0.701
flop 4202658 8 1.0
flop 114887 10 0.77
flop 119013 12 0.567
flop 157026 4 0.596
flop 86245 12 0.641
flop 102612 11 0.478
flop 25957 4 0.286
flop 118979 10 0.485
flop 123111 12 0.841
flop 1097897 8 0.895
flop 73960 12 0.577
flop 307433 12 0.66
flop 165237 5 0.64
flop 157046 5 0.672
flop 106729 12 0.609
flop 82154 12 0.599
flop 98521 11 0.533
flop 114888 10 0.781
flop 110826 12 0.639
flop 168899 10 0.674
flop 86246 12 0.554
flop 102613 11 0.482
flop 119019 12 0.643
flop 118980 10 0.485
flop 165253 6 0.823
flop 165254 6 0.698
flop 165255 6 0.684
flop 165256 6 0.694
flop 110828 12 0.641
flop 73795 2 0.197
flop 2127478 5 0.981
flop 110829 12 0.646
flop 319668 9 0.515
flop 2142754 0 0.525
flop 164808 10 0.756
flop 319726 12 0.952
flop 157078 7 0.681
flop 82155 12 0.605
flop 98522 11 0.534
flop 114889 10 0.791
flop 181448 10 0.789
flop 270502 8 0.4
flop 319657 8 0.48
flop 86247 12 0.58
flop 102614 11 0.507
flop 118981 10 0.511
flop 173475 8 0.72
flop 185540 10 0.705
flop 173477 8 0.866
flop 157094 8 0.667
flop 90339 12 0.532
flop 173480 8 0.746
flop 173481 8 0.738
flop 173482 8 0.755
flop 164536 9 0.75
flop 1097846 5 0.887
flop 2143846 4 0.705
flop 186086 12 0.742
flop 565484 12 0.939
flop 181685 9 0.698
flop 157110 9 0.67
flop 165304 9 0.762
flop 173498 9 0.82
flop 86248 12 0.573
flop 102615 11 0.523
flop 118982 10 0.51
flop 181698 10 0.772
flop 181699 10 0.773
flop 156804 6 0.597
flop 181701 10 0.877
flop 157126 10 0.704
flop 181703 10 0.788
flop 123074 10 0.479
flop 181705 10 0.8
flop 173514 10 0.75
flop 181707 10 0.802
flop 181708 10 0.819
flop 282804 9 0.47
flop 82157 12 0.619
flop 98524 11 0.558
flop 181717 11 0.707
flop 114891 10 0.805
flop 561338 9 0.944
flop 1102044 11 0.966
flop 173530 11 0.808
flop 86249 12 0.576
flop 102616 11 0.536
flop 118983 10 0.529
flop 1089619 3 0.84
flop 189922 12 0.819
flop 90341 12 0.555
flop 106708 11 0.484
flop 181733 12 0.698
flop 123075 10 0.482
flop 189927 12 0.86
flop 165352 12 0.76
flop 189929 12 0.85
flop 189930 12 0.862
flop 189931 12 0.878
flop 189932 12 0.869
flop 189933 12 0.905
flop 189934 12 0.87
flop 170116 6 0.635
flop 172722 9 0.629
flop 8425689 11 1.0
flop 102617 11 0.737
flop 118984 10 0.541
flop 2143412 9 0.99
flop 110759 8 0.442
flop 90342 12 0.658
flop 106709 11 0.501
flop 123076 10 0.493
flop 311362 2 0.185
flop 185010 9 0.645
flop 94434 12 0.522
flop 173541 12 0.724
flop 1097827 4 0.845
flop 2131847 6 0.975
flop 544917 7 0.888
flop 189090 8 0.616
flop 102618 11 0.553
flop 118985 10 0.571
flop 189363 9 0.674
flop 4219110 12 1.0
flop 90343 12 0.579
flop 106710 11 0.51
flop 156902 12 0.715
flop 123077 10 0.513
flop 189636 10 0.668
flop 274583 7 0.343
flop 94435 12 0.528
flop 110802 11 0.459
flop 189909 11 0.747
flop 274646 11 0.575
flop 160951 9 0.717
flop 1101990 8 0.932
flop 191411 9 0.774
flop 295074 8 0.377
flop 86252 12 0.615
flop 102619 11 0.568
flop 118986 10 0.581
flop 2116532 9 0.985
flop 90344 12 0.574
flop 106711 11 0.522
flop 187317 9 0.779
flop 123078 10 0.519
flop 282775 7 0.365
flop 94436 12 0.543
flop 110803 11 0.475
flop 2149034 8 0.86
flop 565485 12 0.956
flop 190375 8 0.732
flop 183223 9 0.785
flop 177762 4 0.66
flop 290994 9 0.407
flop 165349 12 0.713
flop 183224 9 0.766
flop 165475 4 0.631
flop 102620 11 0.57
flop 8417448 8 1.0
flop 118987 10 0.595
flop 183225 9 0.801
flop 160450 10 0.637
flop 165476 4 0.641
flop 2118483 3 0.978
flop 90345 12 0.581
flop 106712 11 0.54
flop 183226 9 0.795
flop 123079 10 0.535
flop 190053 4 0.656
flop 2150126 12 0.965
flop 173666 4 0.642
flop 190051 4 0.668
flop 110804 11 0.483
flop 185958 4 0.605
flop 165478 4 0.638
flop 278629 4 0.23
flop 185829 12 0.739
flop 164707 4 0.62
flop 173172 5 0.651
flop 315509 5 0.305
flop 295149 12 0.79
flop 299177 8 0.941
flop 165494 5 0.655
flop 90346 12 0.596
flop 106713 11 0.556
flop 123080 10 0.534
flop 177091 10 0.675
flop 94438 12 0.572
flop 110805 11 0.506
flop 165507 6 0.655
flop 165508 6 0.659
flop 165509 6 0.688
flop 34438 6 0.32
flop 165511 6 0.738
flop 165512 6 0.707
flop 98530 12 0.52
flop 73880 7 0.324
flop 183234 10 0.717
flop 2150946 0 0.57
flop 565466 11 0.944
flop 181910 7 0.699
flop 90347 12 0.597
flop 106714 11 0.769
flop 2151219 1 0.54
flop 169026 2 0.548
flop 94439 12 0.687
flop 110806 11 0.516
flop 173546 12 0.81
flop 173730 8 0.756
flop 173731 8 0.71
flop 173732 8 0.696
flop 173733 8 0.72
flop 42662 8 0.36
flop 98531 12 0.526
flop 173736 8 0.763
flop 173737 8 0.795
flop 173738 8 0.755
flop 106723 12 0.541
flop 2152038 4 0.705
flop 191145 8 0.782
flop 286922 10 0.57
flop 161395 5 0.609
flop 90348 12 0.599
flop 173750 9 0.69
flop 123082 10 0.567
flop 106614 5 0.309
flop 94440 12 0.585
flop 110807 11 0.514
flop 148451 12 0.647
flop 2152857 7 0.805
flop 181954 10 0.758
flop 52171 10 0.472
flop 181956 10 0.791
flop 30326 5 0.309
flop 2148038 10 0.991
flop 181959 10 0.82
flop 165576 10 0.728
flop 181961 10 0.837
flop 181962 10 0.797
flop 181963 10 0.836
flop 181964 10 0.804
flop 2153403 9 0.922
flop 94339 6 0.248
flop 90349 12 0.619
flop 106716 11 0.592
flop 270470 6 0.28
flop 123083 10 0.595
flop 164546 10 0.656
flop 173786 11 0.787
flop 94441 12 0.597
flop 110808 11 0.533
flop 148452 12 0.696
flop 164819 11 0.67
flop 319656 8 0.51
flop 2122852 4 0.975
flop 190178 12 0.805
flop 98533 12 0.559
flop 114900 11 0.482
flop 190181 12 0.816
flop 190182 12 0.901
flop 190183 12 0.834
flop 190184 12 0.878
flop 190185 12 0.858
flop 190186 12 0.858
flop 190187 12 0.875
flop 190188 12 0.882
flop 190189 12 0.889
flop 190190 12 0.865
flop 278739 11 0.53
flop 307381 9 0.919
flop 94442 12 0.597
flop 110809 11 0.566
flop 189267 3 0.582
flop 270437 4 0.27
flop 181187 10 0.888
flop 98534 12 0.567
flop 114901 11 0.513
flop 286868 7 0.336
flop 181460 11 0.716
flop 1106139 11 0.968
flop 102626 12 0.517
flop 2151379 11 0.991
flop 165506 6 0.672
flop 4214901 5 1.0
flop 185956 4 0.645
flop 2155042 0 0.665
flop 174537 10 0.768
flop 94443 12 0.602
flop 110810 11 0.587
flop 181188 10 0.808
flop 2122854 4 0.99
flop 98535 12 0.581
flop 114902 11 0.51
flop 2140585 8 0.988
flop 2107170 0 0.952
flop 56283 11 0.499
flop 173702 6 0.7
flop 2155861 3 0.66
flop 102627 12 0.524
flop 183260 11 0.832
flop 161415 6 0.725
flop 8413334 7 1.0
flop 2148215 5 0.72
flop 319602 5 0.232
flop 2156407 5 0.787
flop 94444 12 0.617
flop 110811 11 0.798
flop 152274 11 0.655
flop 1097862 6 0.877
flop 98536 12 0.707
flop 114903 11 0.519
flop 152547 12 0.67
flop 2156953 7 0.895
flop 191418 9 0.834
flop 102628 12 0.545
flop 2135449 7 0.992
flop 186499 6 0.673
flop 1093733 4 0.905
flop 191458 12 0.82
flop 94445 12 0.633
flop 110812 11 0.58
flop 165863 12 0.724
flop 168642 10 0.638
flop 274648 11 0.607
flop 2158045 11 0.94
flop 98537 12 0.593
flop 114904 11 0.54
flop 168915 11 0.653
flop 311528 12 0.715
flop 102629 12 0.551
flop 118996 11 0.79
flop 169188 12 0.685
flop 2127221 5 0.985
flop 172738 10 0.629
flop 1081479 6 0.89
flop 190322 5 0.651
flop 182131 5 0.672
flop 190324 5 0.625
flop 182133 5 0.686
flop 173942 5 0.667
flop 173943 5 0.647
flop 98538 12 0.605
flop 114905 11 0.558
flop 152549 12 0.713
flop 185283 10 0.682
flop 102630 12 0.566
flop 118997 11 0.794
flop 191467 12 0.915
flop 165764 6 0.686
flop 38550 7 0.339
flop 165766 6 0.701
flop 165767 6 0.809
flop 165768 6 0.696
flop 106722 12 0.529
flop 169623 7 0.731
flop 164552 10 0.75
flop 90194 3 0.217
flop 303171 2 0.17
flop 169846 5 0.65
flop 165528 7 0.748
flop 177593 9 0.799
flop 2139814 8 0.99
flop 98539 12 0.623
flop 114906 11 0.58
flop 102631 12 0.584
flop 118998 11 0.802
flop 168755 1 0.479
flop 173987 8 0.7
flop 173988 8 0.743
flop 173989 8 0.78
flop 173990 8 0.757
flop 173991 8 0.848
flop 123090 11 0.537
flop 173993 8 0.761
flop 2140074 8 0.988
flop 98540 12 0.613
flop 114907 11 0.593
flop 174007 9 0.723
flop 156370 11 0.629
flop 174010 9 0.773
flop 173938 5 0.647
flop 102632 12 0.583
flop 156643 12 0.659
flop 182210 10 0.764
flop 182211 10 0.762
flop 182212 10 0.767
flop 106724 12 0.544
flop 123091 11 0.556
flop 182215 10 0.884
flop 182216 10 0.817
flop 182217 10 0.821
flop 182218 10 0.823
flop 182219 10 0.79
flop 182220 10 0.799
flop 189923 12 0.826
flop 98541 12 0.628
flop 114908 11 0.827
flop 190423 11 0.775
flop 165848 11 0.731
flop 307350 7 0.44
flop 174042 11 0.802
flop 102633 12 0.733
flop 119000 11 0.81
flop 181740 12 0.848
flop 295064 7 0.939
flop 2128827 9 0.875
flop 190434 12 0.824
flop 106725 12 0.553
flop 123092 11 0.561
flop 173734 8 0.855
flop 190438 12 0.828
flop 174055 12 0.747
flop 165864 12 0.718
flop 190441 12 0.861
flop 190442 12 0.862
flop 173735 8 0.747
flop 190444 12 0.874
flop 190445 12 0.892
flop 190446 12 0.866
flop 165544 8 0.705
flop 1101993 8 0.935
flop 2149853 11 0.905
flop 189106 9 0.642
flop 102634 12 0.603
flop 2139818 8 0.99
flop 299219 11 0.53
flop 173011 11 0.681
flop 123093 11 0.567
flop 189925 12 0.904
flop 156646 12 0.725
flop 278741 11 0.583
flop 173284 12 0.686
flop 315621 12 0.647
flop 169847 5 0.65
flop 189926 12 0.844
flop 286837 5 0.28
flop 2149323 10 0.994
flop 1093810 9 0.925
flop 177843 9 0.733
flop 21074 3 0.187
flop 119003 11 0.836
flop 185562 11 0.831
flop 123095 11 0.59
flop 160739 12 0.645
flop 152789 11 0.695
flop 2115652 2 0.962
flop 177846 9 0.876
flop 160900 6 0.614
flop 303237 6 0.325
flop 161463 9 0.678
flop 165560 9 0.731
flop 102637 12 0.624
flop 1081426 3 0.89
flop 177849 9 0.799
flop 176834 10 0.641
flop 290962 7 0.318
flop 123096 11 0.603
flop 1106140 11 0.976
flop 319604 5 0.295
flop 110821 12 0.559
flop 177380 12 0.69
flop 2123878 4 0.953
flop 2135959 7 0.994
flop 2141386 10 0.992
flop 186552 9 0.764
flop 278578 1 0.13
flop 110822 12 0.577
flop 182402 6 0.675
flop 174211 6 0.647
flop 182404 6 0.689
flop 182405 6 0.701
flop 182406 6 0.678
flop 174215 6 0.718
flop 190600 6 0.698
flop 114914 12 0.533
flop 311530 12 0.698
flop 181955 10 0.755
flop 123098 11 0.632
flop 148194 12 0.643
flop 181957 10 0.777
flop 274562 6 0.21
flop 174242 8 0.714
flop 174243 8 0.698
flop 174244 8 0.713
flop 181958 10 0.879
flop 174246 8 0.735
flop 114915 12 0.543
flop 43176 8 0.389
flop 174249 8 0.75
flop 174250 8 0.758
flop 189379 10 0.645
flop 270504 8 0.41
flop 181960 10 0.833
flop 56540 11 0.505
flop 106732 12 0.638
flop 123099 11 0.639
flop 169673 10 0.774
flop 182456 9 0.769
flop 174266 9 0.796
flop 2122595 4 0.975
flop 173770 10 0.823
flop 164835 12 0.688
flop 182466 10 0.757
flop 182467 10 0.745
flop 532546 2 0.843
flop 114916 12 0.548
flop 1093811 9 0.916
flop 182471 10 0.794
flop 51400 10 0.433
flop 182473 10 0.805
flop 174282 10 0.787
flop 182475 10 0.822
flop 2148556 10 0.99
flop 2153693 11 0.988
flop 106733 12 0.635
flop 123100 11 0.652
flop 148196 12 0.695
flop 165320 10 0.729
flop 182488 11 0.787
flop 174298 11 0.788
flop 110825 12 0.608
flop 182492 11 0.847
flop 181203 11 0.662
flop 303238 6 0.41
flop 311476 9 0.525
flop 532547 2 0.894
flop 114917 12 0.562
flop 190692 12 0.822
flop 181476 12 0.701
flop 190694 12 0.834
flop 190695 12 0.858
flop 182504 12 0.81
flop 190697 12 0.837
flop 174314 12 0.793
flop 190699 12 0.865
flop 190700 12 0.881
flop 190701 12 0.88
flop 190702 12 0.863
flop 290963 7 0.33
flop 319605 5 0.36
flop 2140328 8 0.98
flop 319706 11 0.7
flop 1085587 7 0.897
flop 98489 9 0.466
flop 114918 12 0.576
flop 186070 11 0.893
flop 119010 12 0.539
flop 144098 12 0.673
flop 186071 11 0.828
flop 165592 11 0.751
flop 180932 10 0.78
flop 2122598 4 0.975
flop 110827 12 0.8
flop 286871 7 0.335
flop 152290 12 0.644
flop 114919 12 0.586
flop 2107682 0 0.975
flop 186075 11 0.847
flop 119011 12 0.54
flop 181980 11 0.855
flop 549014 7 0.89
flop 2156782 12 1.0
flop 2112563 1 0.955
flop 177814 7 0.755
flop 168658 11 0.657
flop 2158061 12 0.996
flop 114920 12 0.591
flop 168931 12 0.683
flop 29812 5 0.262
flop 311464 8 0.48
flop 2115908 2 0.97
flop 278743 11 0.645
flop 307385 9 0.946
flop 2135108 2 0.64
flop 180934 10 0.803
flop 1105987 2 0.858
flop 190179 12 0.815
flop 2151492 2 0.6
flop 178087 8 0.749
flop 185026 10 0.649
flop 190180 12 0.812
flop 114921 12 0.606
flop 1093812 9 0.929
flop 274499 2 0.92
flop 59110 12 0.489
flop 307416 11 0.56
flop 1101941 5 0.895
flop 165608 12 0.743
flop 282835 11 0.605
flop 4235428 8 1.0
flop 114922 12 0.632
flop 173802 12 0.794
flop 2144697 9 0.997
flop 290964 7 0.315
flop 2132360 6 0.96
flop 181996 12 0.883
flop 1097908 9 0.915
flop 299202 10 0.498
flop 182674 7 0.69
flop 182675 7 0.708
flop 182676 7 0.703
flop 182677 7 0.711
flop 190870 7 0.726
flop 114923 12 0.65
flop 182680 7 0.739
flop 190873 7 0.72
flop 2126967 5 0.987
flop 299189 9 0.453
flop 119015 12 0.585
flop 274516 3 0.265
flop 307331 6 0.345
flop 174498 8 0.683
flop 174499 8 0.698
flop 174500 8 0.734
flop 174501 8 0.708
flop 174502 8 0.725
flop 123107 12 0.815
flop 174504 8 0.754
flop 43433 8 0.404
flop 174506 8 0.772
flop 2155748 12 0.992
flop 114924 12 0.825
flop 172754 11 0.657
flop 174521 9 0.768
flop 174522 9 0.787
flop 278754 12 0.69
flop 119016 12 0.599
flop 173027 12 0.668
flop 182722 10 0.755
flop 182723 10 0.749
flop 182724 10 0.744
flop 182725 10 0.765
flop 182726 10 0.775
flop 182727 10 0.777
flop 182728 10 0.809
flop 51657 10 0.45
flop 182730 10 0.821
flop 182731 10 0.824
flop 182732 10 0.815
flop 152501 9 0.69
flop 189122 10 0.685
flop 169959 12 0.745
flop 174554 11 0.794
flop 182748 11 0.837
flop 189395 11 0.683
flop 1106088 8 0.909
flop 278595 2 0.919
flop 190947 12 0.806
flop 190948 12 0.815
flop 190949 12 0.818
flop 180939 10 0.858
flop 190951 12 0.842
flop 190952 12 0.848
flop 190953 12 0.913
flop 190954 12 0.873
flop 190955 12 0.871
flop 190956 12 0.888
flop 190957 12 0.875
flop 190958 12 0.861
flop 307348 7 0.358
flop 311412 5 0.265
flop 119018 12 0.624
flop 148355 6 0.583
flop 2120789 3 0.962
flop 4210756 2 0.999
flop 123110 12 0.835
flop 161173 7 0.665
flop 172578 0 0.446
flop 282836 11 0.555
flop 160903 6 0.703
flop 178361 9 0.796
flop 178852 8 0.712
flop 156390 12 0.726
flop 319716 12 0.938
flop 2143419 9 0.995
flop 160482 12 0.658
flop 1089667 6 0.88
flop 2107938 0 0.975
flop 185508 8 0.674
flop 2126711 5 0.98
flop 270452 5 0.26
flop 185306 11 0.847
flop 1106034 5 0.871
flop 119020 12 0.659
flop 176850 11 0.645
flop 123112 12 0.843
flop 190691 12 0.792
flop 177123 12 0.677
flop 185781 9 0.71
flop 282690 2 0.188
flop 185307 11 0.869
flop 119021 12 0.857
flop 2152407 11 0.997
flop 123113 12 0.848
flop 2153676 10 0.92
flop 290984 8 0.415
flop 282691 2 0.19
flop 178307 6 0.664
flop 2124390 4 0.955
flop 185308 11 0.844
flop 118950 8 0.417
flop 1106089 8 0.903
flop 123114 12 0.859
flop 315625 12 0.748
flop 1093814 9 0.934
flop 182183 8 0.777
flop 295112 10 0.947
flop 2153435 11 0.988
flop 315578 9 0.625
flop 290979 8 0.353
flop 2122338 4 0.98
flop 123115 12 0.863
flop 164578 12 0.646
flop 2154222 12 0.97
flop 274599 8 0.455
flop 2108066 8 0.984
flop 182947 8 0.734
flop 270418 3 0.928
flop 191141 8 0.761
flop 182950 8 0.742
flop 191143 8 0.775
flop 319717 12 0.942
flop 182953 8 0.772
flop 182954 8 0.785
flop 152226 8 0.636
flop 1089668 6 0.885
flop 189797 4 0.65
flop 180946 11 0.646
flop 191162 9 0.836
flop 2116539 9 0.875
flop 181219 12 0.685
flop 182978 10 0.748
flop 182979 10 0.759
flop 182980 10 0.731
flop 182981 10 0.763
flop 182982 10 0.754
flop 182983 10 0.775
flop 182984 10 0.8
flop 122981 4 0.241
flop 182986 10 0.854
flop 182987 10 0.805
flop 182988 10 0.817
flop 123117 12 0.867
flop 2140071 8 0.978
flop 191194 11 0.817
flop 183004 11 0.833
flop 278765 12 0.715
flop 532564 3 0.914
flop 191202 12 0.794
flop 191203 12 0.806
flop 191204 12 0.826
flop 191205 12 0.825
flop 191206 12 0.848
flop 191207 12 0.849
flop 191208 12 0.84
flop 191209 12 0.847
flop 60138 12 0.532
flop 191211 12 0.868
flop 183020 12 0.841
flop 191213 12 0.877
flop 191214 12 0.87
flop 303187 3 0.198
flop 178308 6 0.705
flop 185564 11 0.873
flop 90309 10 0.435
flop 278746 11 0.635
flop 315626 12 0.73
flop 2157804 12 0.997
flop 168674 12 0.659
flop 2126707 5 0.99
flop 1093815 9 0.911
flop 274514 3 0.202
flop 191212 12 0.883
flop 165815 9 0.702
flop 177131 12 0.835
flop 143938 2 0.566
flop 2111283 1 0.94
flop 274600 8 0.45
flop 180818 3 0.57
flop 1106133 11 0.968
flop 185042 11 0.897
flop 187092 11 0.783
flop 540772 4 0.876
flop 185315 12 0.71
flop 274515 3 0.922
flop 152499 9 0.614
flop 2116420 2 0.952
flop 2152150 11 0.98
flop 1089669 6 0.91
flop 160466 11 0.655
flop 177763 4 0.66
flop 4239540 9 1.0
flop 278611 3 0.2
flop 190050 4 0.6
flop 160723 11 0.647
flop 181091 4 0.59
flop 315611 11 0.957
flop 2144440 9 1.0
flop 536660 3 0.893
flop 290883 2 0.155
flop 307250 1 0.186
flop 2124646 4 0.958
flop 190693 12 0.84
flop 178036 5 0.669
flop 1085523 3 0.855
flop 4210772 3 1.0
flop 295059 7 0.375
flop 169689 11 0.756
flop 278742 11 0.585
flop 2112707 10 0.978
flop 2132872 6 0.965
flop 1101890 2 0.857
flop 311442 7 0.38
flop 307384 9 0.938
flop 178309 6 0.68
flop 185045 11 0.817
flop 2106978 4 0.972
flop 2137241 7 0.968
flop 172770 12 0.636
flop 2156270 12 0.997
flop 303205 4 0.235
flop 278747 11 0.685
flop 2131076 6 0.989
flop 311443 7 0.385
flop 278610 3 0.19
flop 1106086 8 0.927
flop 2141098 8 0.97
flop 319704 11 0.73
flop 2108338 9 0.986
flop 183219 9 0.758
flop 183220 9 0.742
flop 183221 9 0.73
flop 183222 9 0.718
flop 191415 9 0.816
flop 191416 9 0.825
flop 191417 9 0.801
flop 2141114 9 0.99
flop 183227 9 0.823
flop 177491 3 0.615
flop 114806 5 0.29
flop 183235 10 0.763
flop 183236 10 0.76
flop 183237 10 0.776
flop 183238 10 0.75
flop 183239 10 0.759
flop 183240 10 0.805
flop 183241 10 0.795
flop 183242 10 0.785
flop 183243 10 0.864
flop 183244 10 0.828
flop 319719 12 0.949
flop 191451 11 0.851
flop 160306 1 0.546
flop 189412 12 0.824
flop 1106131 11 0.96
flop 290968 7 0.41
flop 278612 3 0.925
flop 2148809 10 0.992
flop 177764 4 0.644
flop 191460 12 0.823
flop 191461 12 0.832
flop 1106146 12 0.979
flop 191463 12 0.841
flop 191464 12 0.846
flop 191465 12 0.858
flop 191466 12 0.896
flop 60395 12 0.535
flop 183276 12 0.855
flop 191469 12 0.888
flop 191470 12 0.869
flop 173667 4 0.644
flop 286931 11 0.563
flop 173236 9 0.647
flop 189413 12 0.819
flop 2141354 8 0.94
flop 178037 5 0.669
flop 157142 11 0.653
flop 2106706 3 0.98
flop 2125004 10 0.87
flop 295060 7 0.37
flop 303298 10 0.471
flop 161381 4 0.661
flop 176866 12 0.657
flop 160852 3 0.593
flop 2108450 0 0.951
flop 282706 3 0.914
flop 2119543 5 0.725
flop 118953 8 0.469
flop 278748 11 0.68
flop 290914 4 0.23
flop 164562 11 0.638
flop 1097906 9 0.93
flop 78052 12 0.536
flop 282707 3 0.914
flop 106678 9 0.401
flop 553111 7 0.887
flop 4227304 12 1.0
flop 307417 11 0.675
flop 177492 3 0.61
flop 4206643 1 0.999
flop 282708 3 0.92
flop 299075 2 0.24
flop 1101874 1 0.863
flop 2124902 4 0.963
flop 189058 6 0.597
flop 2153178 11 1.0
flop 160290 0 0.452
flop 270565 12 0.645
flop 4214869 3 1.0
flop 532578 4 0.883
flop 2133128 6 0.963
flop 1097810 3 0.87
flop 1106038 5 0.89
flop 2108610 10 0.992
flop 82122 10 0.477
flop 182948 8 0.701
flop 187587 10 0.784
flop 178038 5 0.692
flop 180962 12 0.635
flop 187589 10 0.775
flop 152724 7 0.599
flop 1093763 6 0.9
flop 532579 4 0.912
flop 286802 3 0.21
flop 2124998 10 0.98
flop 303299 10 0.475
flop 176947 1 0.474
flop 2129095 10 0.988
flop 182130 5 0.647
flop 189419 12 0.878
flop 187592 10 0.822
flop 186227 5 0.656
flop 187593 10 0.836
flop 173940 5 0.663
flop 311428 6 0.307
flop 144018 7 0.607
flop 165749 5 0.658
flop 532580 4 0.917
flop 191682 10 0.763
flop 191683 10 0.786
flop 191684 10 0.806
flop 191685 10 0.804
flop 191686 10 0.804
flop 191687 10 0.806
flop 191688 10 0.794
flop 191689 10 0.853
flop 191690 10 0.827
flop 165751 5 0.675
flop 191692 10 0.842
flop 152098 0 0.447
flop 315629 12 0.964
flop 78037 11 0.485
flop 191708 11 0.88
flop 270402 2 0.912
flop 532581 4 0.915
flop 286804 3 0.26
flop 191714 12 0.799
flop 191715 12 0.814
flop 191716 12 0.807
flop 191717 12 0.834
flop 191718 12 0.835
flop 182403 6 0.672
flop 191720 12 0.86
flop 191721 12 0.835
flop 191722 12 0.887
flop 191723 12 0.872
flop 191724 12 0.912
flop 191725 12 0.89
flop 191726 12 0.867
flop 2157547 12 0.996
flop 2126450 5 0.98
flop 319721 12 0.947
flop 173223 8 0.746
flop 274530 4 0.21
flop 1106021 4 0.895
flop 160563 1 0.481
flop 270453 5 0.27
flop 1106083 8 0.912
flop 315557 8 0.445
flop 165762 6 0.639
flop 299208 10 0.532
flop 165763 6 0.657
flop 187609 11 0.832
flop 185058 12 0.695
flop 536691 5 0.875
flop 187610 11 0.848
flop 165765 6 0.66
flop 2152157 11 0.998
flop 274531 4 0.928
flop 290898 3 0.188
flop 187612 11 0.894
flop 34695 6 0.338
flop 12850 1 0.156
flop 187613 11 0.859
flop 2131848 6 0.982
flop 2144183 9 0.992
flop 1093764 6 0.9
flop 1102002 9 0.935
flop 181858 4 0.633
flop 174213 6 0.725
flop 536676 4 0.904
flop 290899 3 0.22
flop 1093698 2 0.83
flop 274549 5 0.265
flop 2157550 12 0.992
flop 290985 8 0.44
flop 282787 8 0.35
flop 311429 6 0.312
flop 319667 9 0.55
flop 274533 4 0.225
flop 290900 3 0.21
flop 2125158 4 0.985
flop 1097925 10 0.946
flop 152467 7 0.609
flop 191719 12 0.852
flop 307351 7 0.415
flop 1093715 3 0.87
flop 169876 7 0.702
flop 2130819 6 0.978
flop 169877 7 0.694
flop 278626 4 0.205
flop 94405 10 0.423
flop 286770 1 0.195
flop 60652 12 0.535
flop 190359 7 0.743
flop 148034 2 0.829
flop 165784 7 0.712
flop 148035 2 0.585
flop 2157806 12 0.995
flop 319722 12 0.956
flop 2135961 7 0.99
flop 2114116 2 0.99
flop 172966 8 0.778
flop 1097911 9 0.93
flop 278627 4 0.213
flop 294994 3 0.188
flop 315459 2 0.225
flop 299209 10 0.939
flop 319603 5 0.295
flop 2141610 8 0.955
flop 2144187 9 0.993
flop 160691 9 0.63
flop 536692 5 0.924
flop 307352 7 0.45
flop 189155 12 0.806
flop 278696 8 0.41
flop 286934 11 0.926
flop 190118 8 0.712
flop 278628 4 0.927
flop 1097794 2 0.835
flop 557241 9 0.929
flop 311411 5 0.255
flop 2149836 10 0.985
flop 173986 8 0.725
flop 278643 5 0.278
flop 181859 4 0.631
flop 191954 11 0.805
flop 170184 10 0.733
flop 4214965 9 1.0
flop 191957 11 0.848
flop 2125270 11 0.985
flop 191959 11 0.813
flop 191960 11 0.85
flop 191961 11 0.844
flop 270483 7 0.287
flop 191963 11 0.859
flop 191964 11 0.866
flop 191965 11 0.885
flop 299245 12 0.755
flop 540773 4 0.903
flop 1081428 3 0.88
flop 191970 12 0.8
flop 191971 12 0.815
flop 282788 8 0.395
flop 291026 11 0.583
flop 191974 12 0.822
flop 191975 12 0.833
flop 191976 12 0.846
flop 191977 12 0.855
flop 191978 12 0.88
flop 42919 8 0.375
flop 191980 12 0.878
flop 191981 12 0.92
flop 191982 12 0.88
flop 182132 5 0.676
flop 152483 8 0.61
flop 173992 8 0.765
flop 189157 12 0.813
flop 286905 9 0.472
flop 4214868 3 1.0
flop 169897 8 0.744
flop 299155 7 0.907
flop 185460 5 0.629
flop 173994 8 0.758
flop 2118229 3 0.99
flop 2135188 7 0.99
flop 169366 7 0.747
flop 2107255 5 0.695
flop 1105986 2 0.838
flop 2136216 7 0.982
flop 2130824 6 0.985
flop 315522 6 0.31
flop 185733 6 0.701
flop 2108962 0 0.955
flop 1085522 3 0.865
flop 303202 4 0.213
flop 319723 12 0.959
flop 82131 11 0.465
flop 172967 8 0.728
flop 1097912 9 0.942
flop 178100 9 0.753
flop 176786 7 0.591
flop 299210 10 0.532
flop 1106150 12 0.983
flop 282724 4 0.247
flop 2152921 11 0.994
flop 315458 2 0.19
flop 315612 11 0.968
flop 47031 9 0.395
flop 143970 4 0.568
flop 278697 8 0.39
flop 286935 11 0.6
flop 165816 9 0.711
flop 315577 9 0.59
flop 156259 4 0.67
flop 182951 8 0.805
flop 4247766 11 1.0
flop 169913 9 0.771
flop 156260 4 0.662
flop 286850 6 0.285
flop 178106 9 0.78
flop 315595 10 0.71
flop 544869 4 0.806
flop 1085524 3 0.865
flop 1101891 2 0.903
flop 178107 9 0.784
flop 156262 4 0.656
flop 274660 12 0.615
flop 181860 4 0.639
flop 1093746 5 0.885
flop 2117188 2 0.945
flop 2144954 9 0.996
flop 303188 3 0.165
flop 291027 11 0.59
flop 319669 9 0.505
flop 286818 4 0.904
flop 42405 8 0.336
flop 299156 7 0.917
flop 182213 10 0.75
flop 177605 10 0.696
flop 186825 10 0.818
flop 164948 3 0.607
flop 286819 4 0.913
flop 303186 3 0.185
flop 182214 10 0.8
flop 189163 12 0.868
flop 315523 6 0.335
flop 2141866 8 0.985
flop 51143 10 0.423
flop 160370 5 0.85
flop 165832 10 0.75
flop 160371 5 0.649
flop 181315 2 0.575
flop 174026 10 0.779
flop 152181 5 0.676
flop 286820 4 0.918
flop 319724 12 0.966
flop 319554 2 0.19
flop 165221 4 0.641
flop 172968 8 0.743
flop 2157290 12 0.998
flop 286872 7 0.385
flop 299211 10 0.55
flop 160996 12 0.692
flop 270454 5 0.255
flop 286821 4 0.917
flop 1089620 3 0.88
flop 178151 12 0.768
flop 2109154 12 0.982
flop 2117348 12 0.98
flop 286936 11 0.58
flop 2125542 12 0.982
flop 2133736 12 0.992
flop 2141930 12 0.988
flop 4247767 11 1.0
flop 2150124 12 0.998
flop 1093797 8 0.945
flop 303285 9 0.412
flop 148339 5 0.615
flop 186323 11 0.806
flop 170216 12 0.738
flop 186324 11 0.812
flop 4218982 4 1.0
flop 303303 10 0.485
flop 274547 5 0.923
flop 156547 6 0.609
flop 2144955 9 0.992
flop 186327 11 0.894
flop 319689 10 0.72
flop 164482 6 0.846
flop 2143926 9 0.989
flop 189042 5 0.584
flop 177333 9 0.76
flop 186329 11 0.828
flop 148100 6 0.643
flop 182134 5 0.685
flop 186330 11 0.846
flop 164485 6 0.701
flop 274548 5 0.265
flop 270515 9 0.403
flop 186331 11 0.841
flop 307282 3 0.205
flop 156294 6 0.7
flop 182236 11 0.855
flop 311346 1 0.205
flop 270538 10 0.525
flop 186333 11 0.835
flop 2130568 6 0.995
flop 315525 6 0.395
flop 278675 7 0.37
flop 286882 8 0.265
flop 561354 10 0.94
flop 2143155 9 0.97
flop 536693 5 0.93
flop 307283 3 0.22
flop 184994 8 0.626
flop 190435 12 0.802
flop 2130562 6 0.98
flop 190436 12 0.851
flop 1106120 10 0.95
flop 536694 5 0.922
flop 190437 12 0.85
flop 307284 3 0.18
flop 274498 2 0.185
flop 557208 7 0.825
flop 1097914 9 0.925
flop 278642 5 0.248
flop 307298 4 0.22
flop 1106152 12 0.978
flop 59367 12 0.496
flop 168594 7 0.862
flop 190440 12 0.847
flop 144019 7 0.653
flop 168596 7 0.704
flop 174058 12 0.809
flop 168597 7 0.72
flop 4247768 11 1.0
flop 190443 12 0.863
flop 1081442 4 0.88
flop 148419 10 0.622
flop 182252 12 0.858
flop 168599 7 0.762
flop 165092 12 0.723
flop 164504 7 0.764
flop 2156526 12 0.99
flop 2148295 10 0.99
flop 168601 7 0.729
flop 2116932 2 0.945
flop 156614 10 0.735
flop 177509 4 0.615
flop 278644 5 0.92
flop 311378 3 0.208
flop 282791 8 0.392
flop 319671 9 0.565
flop 182135 5 0.661
flop 270516 9 0.435
flop 1097860 6 0.89
flop 1106098 9 0.923
flop 286803 3 0.25
flop 540789 5 0.919
flop 295012 4 0.292
flop 1097811 3 0.87
flop 8429770 10 1.0
flop 2131590 6 0.987
flop 172706 8 0.87
flop 148387 8 0.612
flop 172707 8 0.712
flop 282857 12 0.655
flop 148132 8 0.667
flop 2134931 7 0.99
flop 540790 5 0.899
flop 295013 4 0.31
flop 1097812 3 0.875
flop 1093714 3 0.875
flop 81970 1 0.179
flop 185267 9 0.637
flop 282738 5 0.223
flop 172712 8 0.76
flop 2116260 8 0.986
flop 191410 9 0.747
flop 4202642 7 1.0
flop 311379 3 0.21
flop 299106 4 0.229
flop 173939 5 0.653
flop 1097923 10 0.935
flop 164514 8 0.628
flop 4247769 11 1.0
flop 148420 10 0.663
flop 8421576 10 1.0
flop 106630 6 0.348
flop 282740 5 0.275
flop 1101906 3 0.86
flop 1102007 9 0.955
flop 1097795 2 0.875
flop 278706 9 0.443
flop 176818 9 0.871
flop 77874 1 0.517
flop 77875 1 0.469
flop 540788 5 0.884
flop 291030 11 0.555
flop 544885 5 0.88
flop 319672 9 0.56
flop 1085540 4 0.875
flop 77890 2 0.188
flop 536643 2 0.82
flop 82156 12 0.61
flop 176823 9 0.79
flop 2151122 11 0.98
flop 270517 9 0.393
flop 295045 6 0.92
flop 299159 7 0.93
flop 86098 3 0.553
flop 77907 3 0.564
flop 86100 3 0.582
flop 86101 3 0.548
flop 176825 9 0.761
flop 189588 7 0.654
flop 544886 5 0.906
flop 118851 2 0.174
flop 315476 3 0.248
flop 102498 4 0.199
flop 118883 4 0.218
flop 102500 4 0.221
flop 282725 4 0.932
flop 286884 8 0.4
flop 161378 4 0.605
flop 315526 6 0.35
flop 1097843 5 0.875
flop 282759 6 0.3
flop 299141 6 0.355
flop 86130 5 0.216
flop 77939 5 0.572
flop 118900 5 0.262
flop 86133 5 0.621
flop 94326 5 0.651
flop 94327 5 0.622
flop 303251 7 0.28
flop 110722 6 0.264
flop 77955 6 0.569
flop 110724 6 0.293
flop 86149 6 0.62
flop 86150 6 0.331
flop 110727 6 0.345
flop 1089699 8 0.906
flop 180930 10 0.88
flop 8429803 12 1.0
flop 4206819 12 1.0
flop 110738 7 0.308
flop 94355 7 0.28
flop 1085588 7 0.896
flop 86165 7 0.618
flop 118934 7 0.358
flop 1101975 7 0.887
flop 118936 7 0.394
flop 102553 7 0.689
flop 181195 10 0.818
flop 180933 10 0.788
flop 187611 11 0.83
flop 286836 5 0.235
flop 110754 8 0.363
flop 274595 8 0.929
flop 118948 8 0.38
flop 86181 8 0.619
flop 102566 8 0.377
flop 102567 8 0.405
flop 102568 8 0.45
flop 102569 8 0.742
flop 185410 2 0.586
flop 180936 10 0.829
flop 94386 9 0.345
flop 274611 9 0.93
flop 118964 9 0.42
flop 102581 9 0.401
flop 94390 9 0.399
flop 553143 9 0.91
flop 86200 9 0.408
flop 561337 9 0.905
flop 110778 9 0.78
flop 110779 9 0.752
flop 1102008 9 0.94
flop 172746 10 0.803
flop 274664 12 0.645
flop 180882 7 0.608
flop 303204 4 0.22
flop 78018 10 0.397
flop 78019 10 0.587
flop 73794 2 0.527
flop 282821 10 0.926
flop 86214 10 0.448
flop 94407 10 0.674
flop 78024 10 0.461
flop 78025 10 0.458
flop 78026 10 0.463
flop 78027 10 0.484
flop 118994 11 0.776
flop 118995 11 0.781
flop 86228 11 0.474
flop 86229 11 0.635
flop 78038 11 0.506
flop 118999 11 0.805
flop 78040 11 0.507
flop 119001 11 0.817
flop 315610 11 0.956
flop 94427 11 0.544
flop 119004 11 0.839
flop 119005 11 0.807
flop 1089637 4 0.905
flop 1106004 3 0.87
flop 110818 12 0.526
flop 110819 12 0.542
flop 110820 12 0.554
flop 94437 12 0.553
flop 119014 12 0.572
flop 110823 12 0.573
flop 110824 12 0.593
flop 119017 12 0.615
flop 86250 12 0.595
flop 102635 12 0.611
flop 102636 12 0.612
flop 86253 12 0.62
flop 144083 11 0.684
flop 148180 11 0.671
flop 286885 8 0.39
flop 152277 11 0.723
flop 315527 6 0.345
flop 190648 9 0.768
flop 290931 5 0.909
flop 156374 11 0.721
flop 189861 8 0.715
flop 34181 6 0.3
flop 185047 11 0.79
flop 2112443 9 0.855
flop 152677 4 0.658
flop 303252 7 0.372
flop 185049 11 0.854
flop 2118226 3 0.98
flop 4210900 11 1.0
flop 303316 11 0.505
flop 185138 1 0.536
flop 274565 6 0.268
flop 290932 5 0.913
flop 185051 11 0.853
flop 190921 10 0.824
flop 270573 12 0.77
flop 185052 11 0.861
flop 319619 6 0.365
flop 2151133 11 1.0
flop 2111539 1 0.96
flop 299220 11 0.545
flop 2157038 12 0.995
flop 156278 5 0.658
flop 299224 11 0.623
flop 286940 11 0.605
flop 2124182 7 0.99
flop 290933 5 0.933
flop 185411 2 0.552
flop 307300 4 0.233
flop 278658 6 0.24
flop 148082 5 0.562
flop 114870 9 0.446
flop 189154 12 0.906
flop 2115444 5 0.984
flop 2131558 4 0.728
flop 1102009 9 0.938
flop 144099 12 0.661
flop 2126916 2 0.62
flop 303307 10 0.573
flop 190594 6 0.682
flop 290934 5 0.927
flop 307301 4 0.304
flop 77891 2 0.555
flop 94258 1 0.145
flop 278659 6 0.25
flop 189158 12 0.843
flop 291032 11 0.665
flop 189159 12 0.859
flop 319674 9 0.525
flop 50886 10 0.417
flop 189160 12 0.861
flop 319652 8 0.455
flop 189162 12 0.887
flop 311445 7 0.42
flop 278660 6 0.923
flop 295027 5 0.28
flop 8413302 5 1.0
flop 1097826 4 0.874
flop 180972 12 0.854
flop 307266 2 0.15
flop 143906 0 0.454
flop 184866 0 0.455
flop 2155246 12 0.995
flop 191140 8 0.754
flop 2143675 9 0.99
flop 278661 6 0.302
flop 311395 4 0.232
flop 152643 2 0.569
flop 1101955 6 0.897
flop 185139 1 0.471
flop 303218 5 0.23
flop 2134674 7 0.968
flop 1097861 6 0.845
flop 191413 9 0.775
flop 174280 10 0.777
flop 2137833 12 0.995
flop 307397 10 0.515
flop 540806 6 0.929
flop 295029 5 0.29
flop 8413352 8 1.0
flop 311396 4 0.3
flop 81986 2 0.535
flop 540807 6 0.926
flop 295030 5 0.305
flop 1097829 4 0.871
flop 278594 2 0.912
flop 187319 9 0.85
flop 152242 9 0.601
flop 315474 3 0.2
flop 274666 12 0.72
flop 190595 6 0.666
flop 174485 7 0.692
flop 299170 8 0.385
flop 278646 5 0.22
flop 55255 11 0.46
flop 2119765 3 0.948
flop 282756 6 0.29
flop 165746 5 0.625
flop 1101922 4 0.873
flop 1089651 5 0.875
flop 118963 9 0.412
flop 319705 11 0.693
flop 1106102 9 0.941
flop 295122 11 0.53
flop 42148 8 0.324
flop 282757 6 0.928
flop 299124 5 0.265
flop 176674 0 0.449
flop 315491 4 0.25
flop 2148044 10 0.995
flop 1085589 7 0.865
flop 270482 7 0.938
flop 2106982 4 0.672
flop 286887 8 0.405
flop 295125 11 0.613
flop 307419 11 0.953
flop 143922 1 0.836
flop 143923 1 0.565
flop 274612 9 0.5
flop 2139043 8 0.986
flop 544902 6 0.915
flop 299125 5 0.338
flop 290997 9 0.436
flop 1101924 4 0.85
flop 160322 2 0.551
flop 143939 2 0.616
flop 86066 1 0.181
flop 187595 10 0.818
flop 189420 12 0.866
flop 4243656 10 1.0
flop 144067 10 0.675
flop 191414 9 0.788
flop 174553 11 0.795
flop 282741 5 0.929
flop 152146 3 0.827
flop 152147 3 0.627
flop 152148 3 0.619
flop 152149 3 0.624
flop 307299 4 0.22
flop 565451 10 0.94
flop 1106157 12 0.983
flop 319621 6 0.31
flop 544903 6 0.931
flop 1085558 5 0.895
flop 315493 4 0.263
flop 190323 5 0.671
flop 86083 2 0.231
flop 102450 1 0.144
flop 152165 4 0.667
flop 4247773 11 0.999
flop 29298 5 0.214
flop 143987 5 0.582
flop 160372 5 0.683
flop 160373 5 0.684
flop 160374 5 0.661
flop 160375 5 0.678
flop 152370 1 0.551
flop 59624 12 0.506
flop 1097894 8 0.89
flop 274667 12 0.7
flop 160386 6 0.6
flop 144003 6 0.616
flop 190596 6 0.694
flop 4235498 12 1.0
flop 160391 6 0.71
flop 2134681 7 0.988
flop 294962 1 0.175
flop 37522 7 0.264
flop 168595 7 0.708
flop 549030 8 0.893
flop 152213 7 0.684
flop 168598 7 0.745
flop 160407 7 0.701
flop 168600 7 0.753
flop 152371 1 0.498
flop 4251878 12 1.0
flop 270486 7 0.36
flop 152644 2 0.524
flop 90322 11 0.449
flop 160418 8 0.59
flop 1106019 4 0.868
flop 73810 3 0.535
flop 152229 8 0.662
flop 270521 9 0.445
flop 160423 8 0.753
flop 168617 8 0.767
flop 2152413 11 1.0
flop 45746 9 0.322
flop 176819 9 0.747
flop 176820 9 0.782
flop 176821 9 0.775
flop 176822 9 0.771
flop 160439 9 0.718
flop 176824 9 0.795
flop 168633 9 0.804
flop 176826 9 0.783
flop 176827 9 0.794
flop 270487 7 0.375
flop 156226 2 0.525
flop 286854 6 0.919
flop 286888 8 0.305
flop 1106020 4 0.872
flop 73811 3 0.205
flop 46260 9 0.353
flop 90178 2 0.192
flop 152261 10 0.707
flop 290946 6 0.24
flop 160455 10 0.755
flop 4235429 8 1.0
flop 168649 10 0.768
flop 176843 10 0.801
flop 157010 3 0.56
flop 53970 11 0.388
flop 185043 11 0.751
flop 185044 11 0.813
flop 1101957 6 0.896
flop 185046 11 0.819
flop 160471 11 0.75
flop 185048 11 0.828
flop 168665 11 0.798
flop 185050 11 0.841
flop 156499 3 0.598
flop 548999 6 0.898
flop 185053 11 0.86
flop 307367 8 0.47
flop 278711 9 0.435
flop 90179 2 0.247
flop 106546 1 0.15
flop 290947 6 0.276
flop 152293 12 0.694
flop 282742 5 0.285
flop 160487 12 0.763
flop 315559 8 0.497
flop 168681 12 0.796
flop 8421544 8 1.0
flop 176875 12 0.817
flop 185069 12 0.882
flop 156386 12 0.657
flop 2155491 12 0.994
flop 1097845 5 0.895
flop 169429 11 0.74
flop 191956 11 0.829
flop 156466 1 0.545
flop 319618 6 0.343
flop 299109 4 0.252
flop 307347 7 0.39
flop 290948 6 0.295
flop 1093747 5 0.887
flop 191958 11 0.831
flop 182468 10 0.764
flop 157012 3 0.626
flop 77993 8 0.359
flop 170114 6 0.64
flop 1106154 12 0.983
flop 2133464 11 0.987
flop 286834 5 0.225
flop 156194 0 0.437
flop 2137561 11 0.992
flop 156467 1 0.488
flop 190597 6 0.701
flop 191962 11 0.851
flop 274582 7 0.348
flop 186501 6 0.714
flop 164792 9 0.78
flop 1093748 5 0.887
flop 77906 3 0.196
flop 170118 6 0.697
flop 157013 3 0.561
flop 2149852 11 0.995
flop 1101986 8 0.91
flop 170119 6 0.719
flop 148274 1 0.574
flop 2141661 11 0.905
flop 174216 6 0.695
flop 176946 1 0.554
flop 181043 1 0.496
flop 315507 5 0.255
flop 1089684 7 0.903
flop 270522 9 0.48
flop 290950 6 0.31
flop 148098 6 0.6
flop 176963 2 0.553
flop 94274 2 0.156
flop 1097927 10 0.942
flop 295042 6 0.908
flop 282770 7 0.313
flop 161106 3 0.588
flop 152402 3 0.65
flop 152403 3 0.809
flop 152404 3 0.648
flop 152405 3 0.615
flop 286889 8 0.415
flop 295127 11 0.655
flop 191972 12 0.82
flop 274584 7 0.392
flop 553095 6 0.833
flop 148371 7 0.61
flop 191973 12 0.827
flop 77908 3 0.238
flop 165748 5 0.628
flop 94275 2 0.2
flop 110642 1 0.149
flop 295043 6 0.908
flop 152421 4 0.674
flop 172594 1 0.549
flop 161107 3 0.55
flop 303256 7 0.46
flop 4227207 6 1.0
flop 161380 4 0.626
flop 160626 5 0.629
flop 160627 5 0.836
flop 160628 5 0.677
flop 160629 5 0.68
flop 160630 5 0.694
flop 160631 5 0.65
flop 160562 1 0.574
flop 2120085 7 0.985
flop 278677 7 0.305
flop 295044 6 0.916
flop 152451 6 0.599
flop 185524 9 0.664
flop 160647 6 0.71
flop 161108 3 0.603
flop 181396 7 0.67
flop 148290 2 0.595
flop 60909 12 0.539
flop 170136 7 0.815
flop 168850 7 0.699
flop 37779 7 0.278
flop 168852 7 0.723
flop 152469 7 0.672
flop 168854 7 0.722
flop 168855 7 0.72
flop 168856 7 0.776
flop 168857 7 0.742
flop 169076 5 0.63
flop 278678 7 0.34
flop 160836 2 0.533
flop 1097844 5 0.883
flop 168867 8 0.626
flop 82002 3 0.201
flop 152485 8 0.664
flop 161109 3 0.579
flop 160679 8 0.738
flop 185797 10 0.703
flop 168873 8 0.784
flop 144002 6 0.553
flop 177074 9 0.757
flop 177075 9 0.871
flop 177076 9 0.776
flop 165474 4 0.613
flop 177078 9 0.788
flop 177079 9 0.776
flop 73957 12 0.546
flop 177081 9 0.778
flop 177082 9 0.81
flop 177083 9 0.776
flop 2153692 11 1.0
flop 295046 6 0.933
flop 311413 5 0.305
flop 82003 3 0.245
flop 152515 10 0.614
flop 98370 2 0.167
flop 152517 10 0.662
flop 1085570 6 0.867
flop 160711 10 0.757
flop 168905 10 0.776
flop 165202 3 0.578
flop 1106136 11 0.972
flop 118966 9 0.462
flop 185298 11 0.775
flop 177107 11 0.675
flop 185300 11 0.8
flop 185301 11 0.796
flop 185302 11 0.81
flop 185303 11 0.805
flop 185304 11 0.82
flop 168921 11 0.786
flop 278680 7 0.328
flop 177115 11 0.831
flop 295047 6 0.927
flop 185309 11 0.848
flop 174245 8 0.74
flop 82004 3 0.591
flop 98371 2 0.169
flop 114738 1 0.159
flop 1101938 5 0.865
flop 160743 12 0.758
flop 168937 12 0.782
flop 165203 3 0.583
flop 174247 8 0.7
flop 185325 12 0.877
flop 185683 3 0.602
flop 174248 8 0.839
flop 191144 8 0.793
flop 21331 3 0.213
flop 2119813 6 0.983
flop 148308 3 0.605
flop 148291 2 0.816
flop 164658 1 0.541
flop 2140330 8 0.988
flop 2118485 3 0.975
flop 282773 7 0.933
flop 164931 2 0.563
flop 1101939 5 0.865
flop 295079 8 0.375
flop 270498 8 0.928
flop 165204 3 0.607
flop 165477 4 0.618
flop 164386 0 0.434
flop 165750 5 0.689
flop 4239543 9 1.0
flop 164659 1 0.467
flop 2147788 10 0.995
flop 169842 5 0.648
flop 544918 7 0.903
flop 164932 2 0.497
flop 1101940 5 0.889
flop 282793 8 0.4
flop 170115 6 0.64
flop 270499 8 0.365
flop 286866 7 0.285
flop 270469 6 0.245
flop 278707 9 0.41
flop 156774 4 0.668
flop 165012 7 0.648
flop 1106051 6 0.872
flop 168787 3 0.571
flop 319650 8 0.413
flop 182470 10 0.79
flop 169570 4 0.603
flop 178356 9 0.73
flop 169843 5 0.637
flop 544919 7 0.93
flop 1085574 6 0.883
flop 172995 10 0.648
flop 152642 2 0.569
flop 160835 2 0.577
flop 102466 2 0.155
flop 1089666 6 0.865
flop 47288 9 0.411
flop 152658 3 0.578
flop 189283 4 0.615
flop 21588 3 0.236
flop 152661 3 0.627
flop 2156519 12 0.988
flop 156516 4 0.642
flop 544920 7 0.93
flop 1085575 6 0.945
flop 1101942 5 0.898
flop 170117 6 0.7
flop 270501 8 0.39
flop 102467 2 0.178
flop 118834 1 0.146
flop 185444 4 0.587
flop 156518 4 0.656
flop 118967 9 0.462
flop 169299 3 0.592
flop 156338 9 0.623
flop 319570 3 0.23
flop 174482 7 0.677
flop 160882 5 0.645
flop 152114 1 0.54
flop 160884 5 0.822
flop 160885 5 0.738
flop 160886 5 0.682
flop 160887 5 0.68
flop 152387 2 0.585
flop 168754 1 0.547
flop 270518 9 0.438
flop 278722 10 0.458
flop 152660 3 0.795
flop 169027 2 0.598
flop 1106035 5 0.89
flop 177284 6 0.634
flop 73826 4 0.544
flop 174210 6 0.65
flop 274594 8 0.33
flop 169300 3 0.603
flop 174483 7 0.687
flop 299160 7 0.937
flop 169573 4 0.639
flop 169106 7 0.706
flop 168482 0 0.436
flop 38036 7 0.292
flop 152725 7 0.671
flop 169110 7 0.737
flop 169111 7 0.724
flop 169112 7 0.752
flop 169113 7 0.722
flop 270503 8 0.425
flop 286870 7 0.922
flop 182469 10 0.783
flop 169028 2 0.535
flop 1106036 5 0.891
flop 303219 5 0.28
flop 73827 4 0.22
flop 160932 8 0.618
flop 152741 8 0.651
flop 169301 3 0.551
flop 160935 8 0.682
flop 169129 8 0.776
flop 174484 7 0.657
flop 169574 4 0.595
flop 156884 11 0.648
flop 299221 11 0.615
flop 182472 10 0.877
flop 177330 9 0.737
flop 29555 5 0.239
flop 177332 9 0.875
flop 152757 9 0.642
flop 177334 9 0.744
flop 177335 9 0.77
flop 177336 9 0.778
flop 177337 9 0.782
flop 177338 9 0.81
flop 177339 9 0.769
flop 549015 7 0.917
flop 182474 10 0.821
flop 1089670 6 0.855
flop 1106037 5 0.889
flop 278708 9 0.933
flop 73828 4 0.225
flop 174212 6 0.665
flop 274596 8 0.38
flop 160964 10 0.615
flop 152773 10 0.673
flop 1093762 6 0.94
flop 160967 10 0.716
flop 90162 1 0.162
flop 182476 10 0.809
flop 157027 4 0.663
flop 173394 3 0.591
flop 185554 11 0.771
flop 185555 11 0.785
flop 54484 11 0.419
flop 185557 11 0.829
flop 185558 11 0.802
flop 185559 11 0.849
flop 185560 11 0.838
flop 270505 8 0.433
flop 549016 7 0.931
flop 177371 11 0.792
flop 181380 6 0.656
flop 185565 11 0.849
flop 73829 4 0.258
flop 90196 3 0.279
flop 106563 2 0.172
flop 122930 1 0.153
flop 185572 12 0.706
flop 152805 12 0.688
flop 185476 6 0.642
flop 160999 12 0.757
flop 169193 12 0.8
flop 173395 3 0.609
flop 177387 12 0.832
flop 185581 12 0.885
flop 178578 7 0.691
flop 1085590 7 0.89
flop 173668 4 0.638
flop 156210 1 0.508
flop 290995 9 0.4
flop 178851 8 0.72
flop 173941 5 0.64
flop 186580 11 0.832
flop 156483 2 0.56
flop 172850 1 0.542
flop 4206642 1 1.0
flop 174214 6 0.694
flop 274598 8 0.34
flop 156756 3 0.604
flop 173123 2 0.616
flop 174487 7 0.713
flop 77922 4 0.222
flop 178306 6 0.668
flop 157029 4 0.786
flop 173396 3 0.616
flop 186583 11 0.827
flop 4223111 6 1.0
flop 173669 4 0.658
flop 186584 11 0.898
flop 164739 6 0.854
flop 299058 1 0.15
flop 170201 11 0.758
flop 164740 6 0.714
flop 186586 11 0.846
flop 290966 7 0.37
flop 164741 6 0.71
flop 2142907 9 0.992
flop 174488 7 0.729
flop 77923 4 0.57
flop 2147524 10 0.988
flop 157030 4 0.657
flop 173397 3 0.589
flop 186588 11 0.859
flop 173670 4 0.618
flop 1106018 4 0.864
flop 178853 8 0.705
flop 186229 5 0.717
flop 311479 9 0.55
flop 178035 5 0.67
flop 290967 7 0.937
flop 1093766 6 0.905
flop 183218 9 0.726
flop 174489 7 0.723
flop 77924 4 0.26
flop 94291 3 0.219
flop 278692 8 0.931
flop 110658 2 0.164
flop 1097924 10 0.938
flop 1097858 6 0.893
flop 315538 7 0.352
flop 177490 3 0.605
flop 190690 12 0.803
flop 2114372 2 0.97
flop 169298 3 0.631
flop 2110803 3 0.99
flop 185684 3 0.642
flop 185685 3 0.584
flop 182946 8 0.702
flop 1106053 6 0.891
flop 553112 7 0.912
flop 307335 6 0.36
flop 77925 4 0.275
flop 94292 3 0.242
flop 278693 8 0.377
flop 110659 2 0.175
flop 311427 6 0.315
flop 169317 4 0.652
flop 286838 5 0.927
flop 1093778 7 0.875
flop 152437 5 0.669
flop 190696 12 0.908
flop 161138 5 0.616
flop 168851 7 0.851
flop 161140 5 0.669
flop 30069 5 0.286
flop 161142 5 0.678
flop 161143 5 0.68
flop 160579 2 0.594
flop 190698 12 0.856
flop 178310 6 0.706
flop 1101907 3 0.86
flop 295061 7 0.325
flop 274563 6 0.921
flop 177219 2 0.593
flop 315587 10 0.53
flop 82018 4 0.214
flop 161159 6 0.695
flop 186073 11 0.833
flop 182508 12 0.86
flop 160663 7 0.695
flop 2143163 9 0.985
flop 2107522 6 0.987
flop 177765 4 0.653
flop 118969 9 0.497
flop 169363 7 0.701
flop 169364 7 0.69
flop 38293 7 0.316
flop 290930 5 0.895
flop 161175 7 0.714
flop 169368 7 0.746
flop 169369 7 0.718
flop 278764 12 0.675
flop 177220 2 0.526
flop 178584 7 0.782
flop 82019 4 0.266
flop 98386 3 0.18
flop 169381 8 0.676
flop 299154 7 0.907
flop 161191 8 0.71
flop 169385 8 0.745
flop 2151893 11 0.988
flop 172899 4 0.601
flop 177766 4 0.613
flop 553127 8 0.905
flop 182949 8 0.718
flop 177586 9 0.737
flop 177587 9 0.752
flop 177588 9 0.772
flop 177589 9 0.867
flop 177590 9 0.751
flop 161207 9 0.717
flop 177592 9 0.774
flop 169401 9 0.748
flop 178312 6 0.703
flop 177595 9 0.762
flop 295063 7 0.395
flop 311430 6 0.355
flop 178585 7 0.742
flop 82020 4 0.597
flop 98387 3 0.192
flop 152194 6 0.574
flop 114754 2 0.163
flop 169413 10 0.685
flop 1101954 6 0.887
flop 161223 10 0.708
flop 169417 10 0.77
flop 177611 10 0.821
flop 181586 3 0.593
flop 172962 8 0.694
flop 164742 6 0.704
flop 185810 11 0.753
flop 172963 8 0.857
flop 185812 11 0.807
flop 185813 11 0.892
flop 185814 11 0.819
flop 185815 11 0.808
flop 185816 11 0.833
flop 185817 11 0.82
flop 148307 3 0.572
flop 185819 11 0.857
flop 185820 11 0.849
flop 185821 11 0.835
flop 82021 4 0.303
flop 98388 3 0.218
flop 282789 8 0.92
flop 114755 2 0.176
flop 181314 2 0.578
flop 156582 8 0.69
flop 182678 7 0.714
flop 270514 9 0.933
flop 169449 12 0.787
flop 181587 3 0.637
flop 177643 12 0.852
flop 278710 9 0.473
flop 185837 12 0.886
flop 1106054 6 0.925
flop 164776 8 0.747
flop 4239541 9 1.0
flop 164402 1 0.539
flop 1097910 9 0.95
flop 187043 8 0.729
flop 164675 2 0.568
flop 181042 1 0.575
flop 2139050 8 0.99
flop 1093730 4 0.897
flop 299157 7 0.92
flop 1101956 6 0.874
flop 182679 7 0.73
flop 86114 4 0.227
flop 295077 8 0.405
flop 303315 11 0.525
flop 181588 3 0.625
flop 182952 8 0.772
flop 186771 7 0.709
flop 181861 4 0.635
flop 165288 8 0.725
flop 180770 0 0.453
flop 1101908 3 0.886
flop 311444 7 0.346
flop 182407 6 0.705
flop 186226 5 0.671
flop 4231318 7 1.0
flop 181316 2 0.535
flop 86115 4 0.257
flop 102482 3 0.18
flop 181589 3 0.581
flop 118970 9 0.54
flop 181862 4 0.588
flop 191955 11 0.77
flop 2122547 1 0.615
flop 185717 5 0.663
flop 187045 8 0.762
flop 46003 9 0.336
flop 148404 9 0.653
flop 182408 6 0.704
flop 282792 8 0.383
flop 78053 12 0.548
flop 1101958 6 0.906
flop 177077 9 0.753
flop 182681 7 0.729
flop 86116 4 0.288
flop 102483 3 0.205
flop 557240 9 0.914
flop 118850 2 0.162
flop 156598 9 0.707
flop 1106050 6 0.9
flop 270554 11 0.61
flop 1101987 8 0.905
flop 190166 11 0.742
flop 160695 9 0.733
flop 311410 5 0.275
flop 311523 12 0.645
flop 187046 8 0.743
flop 94420 11 0.474
flop 152130 2 0.583
flop 2119253 3 0.985
flop 168889 9 0.792
flop 186228 5 0.643
flop 1085592 7 0.9
flop 1101959 6 0.87
flop 86117 4 0.624
flop 102484 3 0.198
flop 152676 4 0.613
flop 185954 4 0.628
flop 185955 4 0.608
flop 169572 4 0.628
flop 185957 4 0.643
flop 161382 4 0.599
flop 274610 9 0.39
flop 548982 5 0.835
flop 190439 12 0.903
flop 168562 5 0.568
flop 1097926 10 0.937
flop 161394 5 0.633
flop 168498 1 0.568
flop 161396 5 0.646
flop 161397 5 0.637
flop 161398 5 0.804
flop 161399 5 0.677
flop 4231321 7 1.0
flop 168771 2 0.559
flop 191412 9 0.76
flop 286886 8 0.929
flop 169044 3 0.602
flop 1106052 6 0.898
flop 73843 5 0.21
flop 186775 7 0.731
flop 90210 4 0.572
flop 169606 6 0.755
flop 290978 8 0.33
flop 2127479 5 0.985
flop 169590 5 0.685
flop 168835 6 0.599
flop 169618 7 0.67
flop 156611 10 0.623
flop 169863 6 0.714
flop 169621 7 0.719
flop 169622 7 0.828
flop 1093780 7 0.906
flop 169624 7 0.755
flop 169625 7 0.72
flop 270520 9 0.43
flop 186503 6 0.712
flop 549031 8 0.915
flop 303254 7 0.407
flop 181189 10 0.815
flop 185412 2 0.544
flop 291010 10 0.487
flop 90211 4 0.587
flop 106578 3 0.181
flop 181190 10 0.804
flop 161446 8 0.684
flop 161447 8 0.713
flop 169641 8 0.766
flop 190868 7 0.708
flop 282803 9 0.43
flop 187322 9 0.816
flop 565482 12 0.95
flop 181192 10 0.81
flop 177842 9 0.745
flop 186231 5 0.664
flop 177844 9 0.754
flop 177845 9 0.76
flop 46774 9 0.378
flop 177847 9 0.758
flop 177848 9 0.769
flop 169657 9 0.771
flop 186504 6 0.688
flop 549032 8 0.922
flop 1089687 7 0.895
flop 173002 10 0.797
flop 319622 6 0.347
flop 73845 5 0.244
flop 186777 7 0.765
flop 274613 9 0.415
flop 106579 3 0.187
flop 290980 8 0.383
flop 1093779 7 0.845
flop 169670 10 0.697
flop 161479 10 0.718
flop 190869 7 0.712
flop 2147276 10 0.998
flop 177867 10 0.815
flop 191142 8 0.698
flop 186066 11 0.802
flop 186067 11 0.801
flop 186068 11 0.79
flop 186069 11 0.818
flop 54998 11 0.45
flop 161495 11 0.692
flop 186072 11 0.832
flop 549033 8 0.945
flop 186074 11 0.839
flop 177883 11 0.818
flop 186076 11 0.869
flop 73846 5 0.251
flop 274614 9 0.505
flop 106580 3 0.217
flop 290981 8 0.378
flop 122947 2 0.183
flop 189676 12 0.868
flop 189506 2 0.608
flop 77938 5 0.193
flop 177894 12 0.752
flop 161511 12 0.712
flop 169705 12 0.783
flop 189779 3 0.609
flop 177899 12 0.823
flop 186093 12 0.887
flop 190052 4 0.632
flop 185299 11 0.894
flop 303318 11 0.597
flop 2158062 12 0.992
flop 172867 2 0.606
flop 190598 6 0.748
flop 290982 8 0.45
flop 173140 3 0.607
flop 110788 10 0.442
flop 189507 2 0.587
flop 190871 7 0.745
flop 156630 11 0.711
flop 4206723 6 1.0
flop 173413 4 0.626
flop 189780 3 0.614
flop 160727 11 0.737
flop 173686 5 0.674
flop 1102020 10 0.97
flop 188962 0 0.459
flop 173959 6 0.703
flop 190326 5 0.678
flop 185305 11 0.843
flop 189235 1 0.513
flop 174232 7 0.759
flop 274616 9 0.465
flop 190599 6 0.724
flop 290983 8 0.932
flop 1093782 7 0.903
flop 189508 2 0.521
flop 77940 5 0.255
flop 94307 4 0.245
flop 110674 3 0.173
flop 189781 3 0.577
flop 181212 11 0.832
flop 161139 5 0.638
flop 190054 4 0.585
flop 2156262 12 1.0
flop 160980 11 0.663
flop 190327 5 0.669
flop 143954 3 0.574
flop 191691 10 0.85
flop 144082 11 0.665
flop 148323 4 0.576
flop 274617 9 0.52
flop 553128 8 0.931
flop 1093783 7 0.885
flop 532562 3 0.861
flop 77941 5 0.255
flop 94308 4 0.27
flop 110675 3 0.192
flop 295076 8 0.32
flop 1097875 7 0.9
flop 4206755 8 1.0
flop 191146 8 0.787
flop 191419 9 0.811
flop 143955 3 0.637
flop 189411 12 0.906
flop 2119509 3 0.955
flop 274618 9 0.489
flop 1089635 4 0.876
flop 553129 8 0.941
flop 160595 3 0.591
flop 174264 9 0.726
flop 77942 5 0.284
flop 94309 4 0.326
flop 110676 3 0.203
flop 160868 4 0.605
flop 1097876 7 0.889
flop 82034 5 0.199
flop 186077 11 0.822
flop 282802 9 0.44
flop 78055 12 0.572
flop 307314 5 0.3
flop 1105970 1 0.87
flop 189415 12 0.805
flop 1106002 3 0.87
flop 161414 6 0.65
flop 189416 12 0.854
flop 178034 5 0.625
flop 176690 1 0.534
flop 169844 5 0.615
flop 2119541 5 0.978
flop 186230 5 0.665
flop 178039 5 0.649
flop 319685 10 0.485
flop 173034 12 0.819
flop 185749 7 0.675
flop 295078 8 0.375
flop 1097877 7 0.87
flop 82035 5 0.232
flop 2151636 11 0.988
flop 98402 4 0.21
flop 160883 5 0.625
flop 186247 6 0.687
flop 178873 9 0.754
flop 169571 4 0.639
flop 177782 5 0.69
flop 169874 7 0.61
flop 169875 7 0.67
flop 178055 6 0.734
flop 2155502 12 0.994
flop 169878 7 0.752
flop 38807 7 0.352
flop 169880 7 0.738
flop 169881 7 0.737
flop 178328 7 0.717
flop 278712 9 0.435
flop 1097928 10 0.938
flop 1097878 7 0.87
flop 176802 8 0.622
flop 82036 5 0.596
flop 98403 4 0.223
flop 114770 3 0.171
flop 1101970 7 0.907
flop 169895 8 0.728
flop 98514 11 0.449
flop 118918 6 0.33
flop 278713 9 0.483
flop 178098 9 0.713
flop 178099 9 0.756
flop 148050 3 0.564
flop 178101 9 0.759
flop 178102 9 0.783
flop 178103 9 0.87
flop 178104 9 0.77
flop 178105 9 0.795
flop 2122820 2 0.665
flop 557224 8 0.898
flop 311447 7 0.463
flop 82037 5 0.297
flop 98404 4 0.25
flop 114771 3 0.193
flop 315539 7 0.353
flop 169927 10 0.718
flop 295080 8 0.941
flop 169929 10 0.768
flop 178123 10 0.812
flop 185492 7 0.667
flop 186322 11 0.776
flop 532563 3 0.92
flop 164418 2 0.547
flop 186325 11 0.806
flop 186326 11 0.809
flop 178135 11 0.772
flop 186328 11 0.829
flop 557225 8 0.925
flop 282805 9 0.928
flop 178139 11 0.813
flop 186332 11 0.842
flop 82038 5 0.307
flop 98405 4 0.302
flop 114772 3 0.222
flop 299173 8 0.41
flop 177348 10 0.693
flop 164691 3 0.567
flop 270531 10 0.495
flop 186343 12 0.74
flop 169961 12 0.769
flop 178155 12 0.836
flop 186349 12 0.887
flop 165510 6 0.82
flop 1097874 7 0.892
flop 270530 10 0.942
flop 180786 1 0.522
flop 165783 7 0.703
flop 181059 2 0.606
flop 78056 12 0.566
flop 299174 8 0.385
flop 181332 3 0.627
flop 86131 5 0.229
flop 270532 10 0.51
flop 177621 11 0.684
flop 181605 4 0.654
flop 2156005 12 0.991
flop 181878 5 0.684
flop 282838 11 0.61
flop 182151 6 0.755
flop 303333 12 0.67
flop 182424 7 0.757
flop 299175 8 0.4
flop 1101974 7 0.898
flop 86132 5 0.282
flop 311480 9 0.52
flop 118866 3 0.181
flop 4235427 8 1.0
flop 1106066 7 0.89
flop 182970 9 0.787
flop 307431 12 0.7
flop 164964 4 0.636
flop 303290 9 0.946
flop 1106003 3 0.855
flop 1097929 10 0.935
flop 282809 9 0.475
flop 299176 8 0.438
flop 315543 7 0.372
flop 98515 11 0.475
flop 270534 10 0.47
flop 152692 5 0.626
flop 118867 3 0.19
flop 303268 8 0.92
flop 1106067 7 0.901
flop 274626 10 0.475
flop 176770 6 0.58
flop 185990 6 0.692
flop 168514 2 0.564
flop 278731 10 0.57
flop 282810 9 0.485
flop 561321 8 0.905
flop 1101976 7 0.89
flop 86134 5 0.314
flop 295081 8 0.425
flop 286902 9 0.933
flop 118868 3 0.207
flop 303269 8 0.919
flop 1106068 7 0.938
flop 2145979 9 0.972
flop 90226 5 0.205
flop 274627 10 0.937
flop 169333 5 0.657
flop 282806 9 0.46
flop 184882 1 0.558
flop 169879 7 0.823
flop 2127991 5 0.962
flop 98482 9 0.35
flop 185155 2 0.572
flop 286903 9 0.46
flop 1089702 8 0.91
flop 1106069 7 0.886
flop 186498 6 0.684
flop 90227 5 0.235
flop 186500 6 0.65
flop 106594 4 0.203
flop 186502 6 0.689
flop 178311 6 0.726
flop 170120 6 0.723
flop 307411 11 0.6
flop 295026 5 0.22
flop 185974 5 0.672
flop 170130 7 0.656
flop 170131 7 0.659
flop 170132 7 0.723
flop 170133 7 0.694
flop 170134 7 0.675
flop 170135 7 0.726
flop 39064 7 0.37
flop 170137 7 0.746
flop 186520 7 0.745
flop 303271 8 0.923
flop 1106070 7 0.896
flop 282860 12 0.71
flop 186793 8 0.79
flop 274629 10 0.48
flop 290996 9 0.427
flop 1093813 9 0.903
flop 307363 8 0.443
flop 187066 9 0.821
flop 170152 8 0.729
flop 170153 8 0.763
flop 178354 9 0.742
flop 178355 9 0.735
flop 156242 3 0.566
flop 178357 9 0.743
flop 178358 9 0.772
flop 178359 9 0.754
flop 178360 9 0.863
flop 170169 9 0.717
flop 178362 9 0.8
flop 156515 4 0.815
flop 1106071 7 0.9
flop 90229 5 0.316
flop 82149 12 0.552
flop 106596 4 0.233
flop 122963 3 0.194
flop 307364 8 0.41
flop 77954 6 0.213
flop 157061 6 0.639
flop 170185 10 0.775
flop 178379 10 0.818
flop 2106402 0 0.95
flop 2120277 3 0.955
flop 186578 11 0.804
flop 186579 11 0.818
flop 172610 2 0.584
flop 186581 11 0.804
flop 186582 11 0.828
flop 286906 9 0.481
flop 55512 11 0.464
flop 1089705 8 0.911
flop 172883 3 0.574
flop 186587 11 0.851
flop 73863 6 0.291
flop 186589 11 0.823
flop 274631 10 0.492
flop 106597 4 0.251
flop 122964 3 0.202
flop 173156 4 0.635
flop 177043 7 0.636
flop 94322 5 0.593
flop 278723 10 0.51
flop 148435 11 0.654
flop 186600 12 0.798
flop 170217 12 0.759
flop 178411 12 0.809
flop 186605 12 0.854
flop 173975 7 0.692
flop 1102022 10 0.938
flop 4235434 8 1.0
flop 189251 2 0.6
flop 274632 10 0.535
flop 290999 9 0.932
flop 191979 12 0.888
flop 189524 3 0.618
flop 77956 6 0.247
flop 278724 10 0.933
flop 110690 4 0.209
flop 1097890 8 0.915
flop 299227 11 0.636
flop 2131333 6 0.98
flop 176859 11 0.84
flop 190070 5 0.682
flop 274644 11 0.542
flop 319687 10 0.628
flop 190343 6 0.722
flop 172931 6 0.611
flop 1093750 5 0.88
flop 190616 7 0.742
flop 8417464 9 1.0
flop 1093799 8 0.915
flop 303286 9 0.39
flop 77957 6 0.262
flop 94324 5 0.621
flop 278725 10 0.51
flop 110691 4 0.215
flop 311459 8 0.42
flop 1077363 5 0.85
flop 303314 11 0.565
flop 191435 10 0.851
flop 8405092 4 1.0
flop 143971 4 0.647
flop 160338 3 0.589
flop 315541 7 0.445
flop 553145 9 0.939
flop 160611 4 0.601
flop 77958 6 0.265
flop 2128551 8 0.985
flop 110692 4 0.234
flop 311460 8 0.397
flop 82050 6 0.227
flop 161157 6 0.648
flop 2110002 1 0.985
flop 161430 7 0.675
flop 176706 2 0.55
flop 274635 10 0.56
flop 553146 9 0.934
flop 182697 8 0.766
flop 1093801 8 0.9
flop 176979 3 0.568
flop 77959 6 0.28
flop 278714 9 0.51
flop 54227 11 0.406
flop 110693 4 0.247
flop 177252 4 0.63
flop 98418 5 0.24
flop 177525 5 0.653
flop 2129639 12 0.998
flop 161431 7 0.685
flop 190866 7 0.728
flop 177798 6 0.682
flop 290882 2 0.15
flop 178579 7 0.664
flop 178071 7 0.731
flop 4239547 9 1.0
flop 2128247 5 0.967
flop 186772 7 0.706
flop 178344 8 0.759
flop 278728 10 0.48
flop 295095 9 0.465
flop 178581 7 0.711
flop 82052 6 0.594
flop 282820 10 0.497
flop 174486 7 0.723
flop 315554 8 0.407
flop 2128279 7 0.983
flop 173122 2 0.555
flop 190872 7 0.758
flop 186770 7 0.699
flop 156739 2 0.581
flop 178580 7 0.684
flop 186773 7 0.716
flop 178582 7 0.704
flop 178583 7 0.731
flop 186776 7 0.767
flop 156740 2 0.562
flop 295096 9 0.935
flop 311463 8 0.5
flop 311446 7 0.385
flop 82053 6 0.278
flop 98420 5 0.28
flop 114787 4 0.209
flop 315555 8 0.41
flop 178601 8 0.793
flop 1102010 9 0.932
flop 315589 10 0.585
flop 178610 9 0.733
flop 178611 9 0.739
flop 178612 9 0.716
flop 178613 9 0.748
flop 178614 9 0.744
flop 178615 9 0.767
flop 178616 9 0.77
flop 47545 9 0.43
flop 178618 9 0.797
flop 178619 9 0.795
flop 173268 11 0.653
flop 78059 12 0.605
flop 164980 5 0.64
flop 1101988 8 0.945
flop 1097896 8 0.923
flop 86146 6 0.231
flop 278662 6 0.31
flop 286914 10 0.5
flop 178633 10 0.789
flop 178635 10 0.814
flop 165526 7 0.68
flop 148068 4 0.645
flop 186834 11 0.767
flop 186835 11 0.785
flop 180802 2 0.528
flop 186837 11 0.782
flop 186838 11 0.797
flop 557242 9 0.949
flop 186840 11 0.821
flop 55769 11 0.479
flop 174569 12 0.803
flop 186843 11 0.852
flop 82055 6 0.309
flop 186845 11 0.837
flop 4218980 4 1.0
flop 114789 4 0.237
flop 181348 4 0.623
flop 303267 8 0.91
flop 86147 6 0.239
flop 102514 5 0.23
flop 286915 10 0.512
flop 181621 5 0.662
flop 186857 12 0.794
flop 182985 10 0.842
flop 174503 8 0.73
flop 186861 12 0.872
flop 181894 6 0.692
flop 152659 3 0.624
flop 169619 7 0.688
flop 299140 6 0.32
flop 8405125 6 1.0
flop 174505 8 0.824
flop 187350 11 0.772
flop 177236 3 0.598
flop 182440 8 0.762
flop 282824 10 0.55
flop 299191 9 0.45
flop 2118741 3 0.99
flop 286956 12 0.72
flop 182713 9 0.766
flop 86148 6 0.284
flop 102515 5 0.25
flop 118882 4 0.186
flop 1106082 8 0.892
flop 183259 11 0.813
flop 169620 7 0.675
flop 152162 4 0.575
flop 2139300 8 0.988
flop 282825 10 0.566
flop 152435 5 0.581
flop 1101991 8 0.915
flop 102516 5 0.26
flop 152708 6 0.632
flop 303284 9 0.42
flop 180898 8 0.62
flop 319651 8 0.432
flop 274642 11 0.555
flop 2128007 6 0.983
flop 177218 2 0.558
flop 540805 6 0.923
flop 1093794 8 0.91
flop 2112051 1 0.95
flop 168530 3 0.56
flop 282826 10 0.563
flop 299193 9 0.94
flop 168803 4 0.553
flop 270551 11 0.618
flop 102517 5 0.302
flop 286918 10 0.926
flop 118884 4 0.233
flop 181171 9 0.646
flop 1106084 8 0.912
flop 73875 7 0.275
flop 274643 11 0.936
flop 169349 6 0.657
flop 2114114 2 0.985
flop 187353 11 0.833
flop 184898 2 0.562
flop 295114 10 0.545
flop 178617 9 0.846
flop 156772 4 0.802
flop 185171 3 0.596
flop 2149066 10 0.994
flop 86151 6 0.349
flop 102518 5 0.332
flop 286901 9 0.437
flop 118885 4 0.237
flop 1106085 8 0.92
flop 2144699 9 1.0
flop 90243 6 0.241
flop 106610 5 0.231
flop 307378 9 0.913
flop 274579 7 0.931
flop 182761 12 0.796
flop 152693 5 0.634
flop 303341 12 0.748
flop 186263 7 0.726
flop 2128503 5 0.955
flop 311506 11 0.64
flop 270553 11 0.66
flop 186536 8 0.744
flop 319654 8 0.427
flop 73877 7 0.291
flop 186809 9 0.778
flop 90244 6 0.282
flop 106611 5 0.25
flop 122978 4 0.208
flop 187082 10 0.815
flop 177851 9 0.781
flop 2151389 11 0.995
flop 169060 4 0.644
flop 311397 4 0.24
flop 156258 4 0.83
flop 1089586 1 0.855
flop 2136729 7 0.97
flop 156531 5 0.635
flop 1106087 8 0.94
flop 73878 7 0.305
flop 90245 6 0.313
flop 106612 5 0.262
flop 178850 8 0.685
flop 122979 4 0.208
flop 187044 8 0.734
flop 2120357 8 0.985
flop 77970 7 0.259
flop 187047 8 0.761
flop 178856 8 0.761
flop 187049 8 0.767
flop 178858 8 0.803
flop 187356 11 0.835
flop 178866 9 0.709
flop 178867 9 0.76
flop 172626 3 0.552
flop 178869 9 0.742
flop 178870 9 0.724
flop 182729 10 0.872
flop 178872 9 0.784
flop 177268 5 0.621
flop 178874 9 0.842
flop 178875 9 0.795
flop 73879 7 0.311
flop 174538 10 0.771
flop 90246 6 0.648
flop 106613 5 0.278
flop 291014 10 0.51
flop 122980 4 0.224
flop 2142898 9 0.985
flop 77971 7 0.572
flop 94338 6 0.244
flop 173445 6 0.662
flop 2148812 10 0.992
flop 178890 10 0.793
flop 178891 10 0.807
flop 173718 7 0.68
flop 187090 11 0.784
flop 73860 6 0.256
flop 188994 2 0.562
flop 187093 11 0.772
flop 187094 11 0.801
flop 187095 11 0.807
flop 187096 11 0.814
flop 187097 11 0.829
flop 56026 11 0.496
flop 187099 11 0.848
flop 187100 11 0.864
flop 187101 11 0.844
flop 291015 10 0.936
flop 307382 9 0.925
flop 1093800 8 0.917
flop 189540 4 0.619
flop 77972 7 0.277
flop 307415 11 0.62
flop 278740 11 0.935
flop 110706 5 0.222
flop 1097907 9 0.923
flop 311474 9 0.44
flop 160659 7 0.583
flop 178922 12 0.811
flop 178923 12 0.806
flop 78061 12 0.621
flop 187117 12 0.88
flop 190086 6 0.678
flop 156261 4 0.666
flop 1097931 10 0.94
flop 143986 5 0.576
flop 315544 7 0.5
flop 307349 7 0.432
flop 190632 8 0.752
flop 307383 9 0.934
flop 536677 4 0.92
flop 282839 11 0.565
flop 190905 9 0.772
flop 94340 6 0.281
flop 110707 5 0.246
flop 295108 10 0.53
flop 311475 9 0.515
flop 191178 10 0.807
flop 1101971 7 0.905
flop 186839 11 0.804
flop 164994 6 0.698
flop 148275 1 0.479
flop 160354 4 0.58
flop 186841 11 0.893
flop 274650 11 0.617
flop 33924 6 0.277
flop 152788 11 0.648
flop 1093816 9 0.924
flop 186842 11 0.85
flop 77974 7 0.316
flop 152709 6 0.651
flop 94341 6 0.321
flop 110708 5 0.26
flop 295109 10 0.52
flop 178651 11 0.816
flop 164998 6 0.715
flop 82066 7 0.262
flop 2147267 10 0.995
flop 282834 11 0.62
flop 186844 11 0.834
flop 161205 9 0.685
flop 2137017 9 0.995
flop 2131080 6 0.99
flop 2112307 1 0.945
flop 176722 3 0.525
flop 185428 3 0.62
flop 291018 10 0.57
flop 1093817 9 0.922
flop 176995 4 0.59
flop 77975 7 0.324
flop 94342 6 0.36
flop 110709 5 0.275
flop 295110 10 0.54
flop 1097909 9 0.917
flop 82067 7 0.27
flop 98434 6 0.623
flop 177541 6 0.652
flop 1097859 6 0.887
flop 190946 12 0.834
flop 315490 4 0.21
flop 274652 11 0.65
flop 2120533 3 0.963
flop 291019 10 0.53
flop 307386 9 0.953
flop 185701 4 0.644
flop 77976 7 0.315
flop 278744 11 0.607
flop 110710 5 0.29
flop 311478 9 0.53
flop 1102024 10 0.96
flop 98435 6 0.627
flop 114802 5 0.245
flop 299203 10 0.505
flop 319691 10 0.693
flop 178906 11 0.788
flop 2157033 12 0.993
flop 152531 11 0.605
flop 2133192 10 0.985
flop 169107 7 0.705
flop 307387 9 0.926
flop 59881 12 0.513
flop 169108 7 0.863
flop 557256 10 0.902
flop 174570 12 0.794
flop 169109 7 0.726
flop 82069 7 0.291
flop 282837 11 0.929
flop 114803 5 0.245
flop 299204 10 0.515
flop 178907 11 0.818
flop 2149068 10 0.995
flop 2148761 7 0.835
flop 270562 12 0.948
flop 160919 7 0.693
flop 152804 12 0.679
flop 295141 12 0.645
flop 165016 7 0.722
flop 164450 4 0.566
flop 187091 11 0.794
flop 165800 8 0.729
flop 148356 6 0.657
flop 164723 5 0.584
flop 82070 7 0.309
flop 1101972 7 0.883
flop 98437 6 0.652
flop 114804 5 0.256
flop 299205 10 0.482
flop 1102004 9 0.924
flop 311508 11 0.605
flop 86162 7 0.257
flop 270563 12 0.66
flop 165269 7 0.658
flop 86082 2 0.187
flop 2135702 7 0.99
flop 165542 8 0.662
flop 187314 9 0.734
flop 187315 9 0.735
flop 187316 9 0.753
flop 178363 9 0.772
flop 187318 9 0.764
flop 2128823 9 0.988
flop 187320 9 0.795
flop 187321 9 0.793
flop 185818 11 0.855
flop 187323 9 0.819
flop 82071 7 0.315
flop 98438 6 0.667
flop 114805 5 0.271
flop 299206 10 0.518
flop 86163 7 0.272
flop 270564 12 0.64
flop 102530 6 0.275
flop 181637 6 0.659
flop 187339 10 0.818
flop 173754 9 0.785
flop 169177 11 0.79
flop 187346 11 0.765
flop 187347 11 0.787
flop 187348 11 0.789
flop 187349 11 0.783
flop 557259 10 0.947
flop 187351 11 0.799
flop 187352 11 0.832
flop 189604 8 0.676
flop 187354 11 0.851
flop 187355 11 0.888
flop 98439 6 0.679
flop 187357 11 0.839
flop 1102006 9 0.939
flop 86164 7 0.291
flop 1102027 10 0.946
flop 102531 6 0.287
flop 118898 5 0.231
flop 4231315 7 1.0
flop 319666 9 0.463
flop 183002 11 0.805
flop 286946 12 0.655
flop 187371 12 0.859
flop 187373 12 0.868
flop 183275 12 0.832
flop 165032 8 0.738
flop 148162 10 0.64
flop 2114371 2 0.978
flop 168853 7 0.748
flop 152178 5 0.583
flop 299228 11 0.65
flop 168626 9 0.631
flop 187042 8 0.762
flop 4218978 4 1.0
flop 177355 10 0.803
flop 2139306 8 0.988
flop 191459 12 0.825
flop 270566 12 0.665
flop 102532 6 0.292
flop 118899 5 0.245
flop 303300 10 0.495
flop 1106099 9 0.932
flop 90338 12 0.512
flop 73890 8 0.562
flop 270533 10 0.495
flop 270537 10 0.53
flop 1097930 10 0.968
flop 303323 11 0.655
flop 168546 4 0.583
flop 282842 11 0.52
flop 561353 10 0.896
flop 168819 5 0.608
flop 86166 7 0.337
flop 270567 12 0.68
flop 102533 6 0.332
flop 169092 6 0.613
flop 1106100 9 0.905
flop 1101989 8 0.92
flop 73891 8 0.307
flop 274659 12 0.94
flop 169365 7 0.843
flop 311525 12 0.72
flop 291001 9 0.45
flop 177331 9 0.741
flop 184914 3 0.566
flop 169911 9 0.725
flop 152453 6 0.665
flop 181428 9 0.674
flop 169172 11 0.677
flop 185187 4 0.607
flop 86167 7 0.333
flop 270568 12 0.702
flop 102534 6 0.342
flop 118901 5 0.269
flop 303302 10 0.505
flop 1106101 9 0.915
flop 73892 8 0.316
flop 90259 7 0.275
flop 156854 9 0.681
flop 106626 6 0.273
flop 307394 10 0.468
flop 282758 6 0.343
flop 186006 7 0.695
flop 319638 7 0.395
flop 165048 9 0.75
flop 299234 12 0.595
flop 1102019 10 0.93
flop 186279 8 0.719
flop 561355 10 0.945
flop 169145 9 0.76
flop 191462 12 0.834
flop 86168 7 0.349
flop 270569 12 0.738
flop 102535 6 0.382
flop 118902 5 0.284
flop 178665 12 0.778
flop 156788 5 0.619
flop 282774 7 0.33
flop 73893 8 0.319
flop 90260 7 0.301
flop 274661 12 0.68
flop 106627 6 0.283
flop 122994 5 0.243
flop 307395 10 0.48
flop 156274 5 0.552
flop 2129015 5 0.948
flop 1081476 6 0.91
flop 303304 10 0.58
flop 1106103 9 0.952
flop 73894 8 0.337
flop 90261 7 0.322
flop 274662 12 0.675
flop 106628 6 0.299
flop 122995 5 0.251
flop 77986 8 0.301
flop 157093 8 0.644
flop 161237 11 0.688
flop 1102025 10 0.954
flop 181443 10 0.771
flop 172642 4 0.589
flop 152533 11 0.692
flop 286938 11 0.61
flop 181444 10 0.882
flop 172915 5 0.611
flop 73895 8 0.345
flop 90262 7 0.643
flop 181445 10 0.787
flop 106629 6 0.306
flop 122996 5 0.255
flop 173188 6 0.636
flop 77987 8 0.58
flop 94354 7 0.258
flop 173461 7 0.681
flop 181447 10 0.804
flop 106706 11 0.459
flop 189010 3 0.539
flop 544901 6 0.879
flop 286939 11 0.645
flop 181449 10 0.806
flop 565450 10 0.948
flop 1106105 9 0.937
flop 73896 8 0.355
flop 90263 7 0.366
flop 173258 10 0.791
flop 291031 11 0.939
flop 122997 5 0.265
flop 307398 10 0.49
flop 189556 5 0.619
flop 187586 10 0.768
flop 77988 8 0.316
flop 187588 10 0.8
flop 278756 12 0.937
flop 187590 10 0.795
flop 187591 10 0.809
flop 1097922 10 0.925
flop 2147532 10 0.99
flop 187594 10 0.823
flop 2145483 10 0.995
flop 187596 10 0.848
flop 2132376 7 0.993
flop 190102 7 0.695
flop 303272 8 0.939
flop 187602 11 0.782
flop 187603 11 0.765
flop 187604 11 0.799
flop 187605 11 0.782
flop 187606 11 0.803
flop 187607 11 0.824
flop 187608 11 0.822
flop 73897 8 0.372
flop 90264 7 0.374
flop 274665 12 0.68
flop 106631 6 0.373
flop 122998 5 0.282
flop 307399 10 0.515
flop 77989 8 0.33
flop 94356 7 0.296
flop 278757 12 0.705
flop 110723 6 0.276
flop 319639 7 0.425
flop 311491 10 0.92
flop 307379 9 0.921
flop 187628 12 0.878
flop 187629 12 0.875
flop 270484 7 0.297
flop 299126 5 0.36
flop 185556 11 0.896
flop 160643 6 0.609
flop 168610 8 0.612
flop 77990 8 0.336
flop 94357 7 0.326
flop 278758 12 0.6
flop 160916 7 0.639
flop 177830 8 0.732
flop 311492 10 0.924
flop 156886 11 0.698
flop 82082 8 0.3
flop 161189 8 0.641
flop 160983 11 0.727
flop 191468 12 0.897
flop 161462 9 0.673
flop 165080 11 0.767
flop 176738 4 0.594
flop 185561 11 0.821
flop 177011 5 0.6
flop 1093682 1 0.825
flop 77991 8 0.368
flop 94358 7 0.366
flop 278759 12 0.66
flop 110725 6 0.31
flop 311493 10 0.932
flop 185563 11 0.838
flop 82083 8 0.309
flop 98450 7 0.266
flop 177557 7 0.701
flop 181468 11 0.872
flop 173429 5 0.641
flop 2151645 11 0.998
flop 290949 6 0.32
flop 90340 12 0.543
flop 2112819 1 0.95
flop 274668 12 0.755
flop 189414 12 0.834
flop 77992 8 0.358
flop 94359 7 0.68
flop 110726 6 0.323
flop 311494 10 0.935
flop 178649 11 0.79
flop 98451 7 0.286
flop 114818 6 0.265
flop 106707 11 0.469
flop 1102018 10 0.942
flop 161125 4 0.644
flop 274669 12 0.755
flop 307403 10 0.952
flop 189668 12 0.903
flop 94360 7 0.414
flop 295128 11 0.924
flop 311495 10 0.933
flop 82085 8 0.343
flop 98452 7 0.301
flop 282853 12 0.94
flop 114819 6 0.294
flop 189670 12 0.838
flop 303273 8 0.947
flop 303222 5 0.285
flop 157077 7 0.651
flop 189156 12 0.835
flop 165096 12 0.762
flop 1089700 8 0.891
flop 278762 12 0.7
flop 295129 11 0.623
flop 319640 7 0.42
flop 311496 10 0.942
flop 189674 12 0.878
flop 299236 12 0.665
flop 82086 8 0.353
flop 98453 7 0.323
flop 282854 12 0.69
flop 114820 6 0.283
flop 315588 10 0.55
flop 86178 8 0.287
flop 165285 8 0.68
flop 178667 12 0.81
flop 189677 12 0.874
flop 307365 8 0.54
flop 180834 4 0.595
flop 165831 10 0.717
flop 278763 12 0.72
flop 2155234 12 0.985
flop 311497 10 0.949
flop 181107 5 0.592
flop 98454 7 0.346
flop 282855 12 0.688
flop 114821 6 0.303
flop 1102021 10 0.943
flop 86179 8 0.304
flop 102546 7 0.65
flop 270419 3 0.165
flop 181653 7 0.673
flop 186836 11 0.801
flop 181926 8 0.694
flop 182199 9 0.722
flop 295131 11 0.647
flop 311498 10 0.949
flop 82088 8 0.355
flop 98455 7 0.408
flop 282856 12 0.685
flop 114822 6 0.318
flop 315590 10 0.595
flop 182745 11 0.794
flop 86180 8 0.329
flop 286948 12 0.68
flop 118914 6 0.284
flop 1106114 10 0.955
flop 183018 12 0.842
flop 156354 10 0.645
flop 319586 4 0.225
flop 2112979 11 0.982
flop 2121173 11 0.98
flop 311499 10 0.954
flop 2129367 11 0.992
flop 82089 8 0.372
flop 98456 7 0.709
flop 2145755 11 0.995
flop 114823 6 0.326
flop 2112989 11 0.875
flop 315591 10 0.61
flop 102548 7 0.661
flop 152740 8 0.648
flop 118915 6 0.282
flop 1106115 10 0.938
flop 73906 9 0.566
flop 156627 11 0.668
flop 4243660 10 1.0
flop 274482 1 0.91
flop 282858 12 0.74
flop 561369 11 0.921
flop 315592 10 0.603
flop 178395 11 0.792
flop 86182 8 0.355
flop 102549 7 0.675
flop 286950 12 0.936
flop 118916 6 0.286
flop 1106116 10 0.92
flop 90274 8 0.296
flop 291042 12 0.645
flop 1089701 8 0.875
flop 169654 9 0.675
flop 156900 12 0.676
flop 184930 4 0.595
flop 282859 12 0.675
flop 561370 11 0.94
flop 148130 8 0.616
flop 315593 10 0.63
flop 185203 5 0.598
flop 170200 11 0.733
flop 86183 8 0.349
flop 102550 7 0.689
flop 286951 12 0.653
flop 118917 6 0.294
flop 1106117 10 0.933
flop 73908 9 0.356
flop 90275 8 0.311
flop 106642 7 0.308
flop 291043 12 0.615
flop 307410 11 0.56
flop 2153437 11 0.995
flop 173218 8 0.687
flop 186022 8 0.708
flop 152197 6 0.669
flop 2113075 1 0.958
flop 1085555 5 0.865
flop 186295 9 0.733
flop 561371 11 0.936
flop 1102026 10 0.945
flop 286917 10 0.505
flop 86184 8 0.35
flop 186568 10 0.777
flop 286952 12 0.69
flop 303319 11 0.593
flop 1106118 10 0.957
flop 73909 9 0.377
flop 90276 8 0.329
flop 106643 7 0.326
flop 291044 12 0.645
flop 123010 6 0.27
flop 169156 10 0.699
flop 187114 12 0.821
flop 178376 10 0.747
flop 303220 5 0.3
flop 177850 9 0.811
flop 561372 11 0.957
flop 2121301 3 0.945
flop 156290 6 0.565
flop 286953 12 0.64
flop 118919 6 0.329
flop 1106119 10 0.935
flop 181669 8 0.68
flop 190889 8 0.772
flop 90277 8 0.349
flop 106644 7 0.334
flop 123011 6 0.281
flop 78002 9 0.355
flop 319587 4 0.23
flop 157109 9 0.655
flop 173476 8 0.742
flop 4223095 5 0.999
flop 270572 12 0.735
flop 2132648 8 0.992
flop 172658 5 0.607
flop 2129527 5 0.97
flop 299074 2 0.145
flop 319688 10 0.583
flop 73911 9 0.395
flop 90278 8 0.643
flop 106645 7 0.339
flop 78003 9 0.585
flop 94370 8 0.306
flop 295138 12 0.643
flop 2137289 10 0.985
flop 274633 10 0.585
flop 307412 11 0.562
flop 189026 4 0.592
flop 174023 10 0.739
flop 286955 12 0.752
flop 303322 11 0.944
flop 1106121 10 0.975
flop 73912 9 0.391
flop 174296 11 0.753
flop 90279 8 0.382
flop 106646 7 0.372
flop 291047 12 0.942
flop 307414 11 0.565
flop 189572 6 0.698
flop 78004 9 0.366
flop 94371 8 0.32
flop 4219030 7 1.0
flop 295139 12 0.675
flop 189845 7 0.672
flop 299218 11 0.635
flop 148403 9 0.621
flop 190391 9 0.751
flop 565467 11 0.956
flop 2106434 2 0.97
flop 1106122 10 0.945
flop 73913 9 0.421
flop 90280 8 0.38
flop 106647 7 0.422
flop 123014 6 0.305
flop 78005 9 0.38
flop 190937 11 0.789
flop 94372 8 0.33
flop 110739 7 0.322
flop 295140 12 0.65
flop 270500 8 0.353
flop 86251 12 0.591
flop 191210 12 0.896
flop 286932 11 0.51
flop 295092 9 0.422
flop 286957 12 0.768
flop 565468 11 0.953
flop 1106123 10 0.955
flop 73914 9 0.424
flop 90281 8 0.391
flop 106648 7 0.418
flop 291049 12 0.675
flop 123015 6 0.328
flop 2154205 11 0.995
flop 165606 12 0.722
flop 78006 9 0.375
flop 94373 8 0.347
flop 110740 7 0.321
flop 2113251 12 0.99
flop 1101923 4 0.832
flop 2121445 12 0.985
flop 82098 9 0.344
flop 4218979 4 1.0
flop 2146027 12 0.994
flop 2154221 12 0.994
flop 2113262 12 0.94
flop 161478 10 0.676
flop 270535 10 0.515
flop 176754 5 0.586
flop 291050 12 0.703
flop 303288 9 0.43
flop 177027 6 0.642
flop 78007 9 0.394
flop 94374 8 0.377
flop 110741 7 0.346
flop 295142 12 0.63
flop 177300 7 0.654
flop 2134562 0 0.6
flop 82099 9 0.352
flop 98466 8 0.307
flop 177573 8 0.684
flop 278738 11 0.5
flop 156738 2 0.57
flop 161379 4 0.61
flop 178119 10 0.731
flop 291051 12 0.715
flop 178392 11 0.758
flop 94375 8 0.68
flop 110742 7 0.359
flop 295143 12 0.702
flop 311510 11 0.61
flop 82100 9 0.608
flop 315442 1 0.125
flop 98467 8 0.314
flop 114834 7 0.308
flop 299235 12 0.657
flop 315602 11 0.926
flop 307380 9 0.916
flop 2132616 6 0.968
flop 2110771 1 0.925
flop 102564 8 0.333
flop 291052 12 0.685
flop 148114 7 0.594
flop 1106106 9 0.94
flop 78009 9 0.413
flop 1089703 8 0.885
flop 94376 8 0.421
flop 110743 7 0.38
flop 295144 12 0.93
flop 311511 11 0.64
flop 1102023 10 0.948
flop 82101 9 0.384
flop 98468 8 0.329
flop 114835 7 0.31
flop 156820 7 0.605
flop 315603 11 0.931
flop 270488 7 0.335
flop 278726 10 0.475
flop 291053 12 0.747
flop 307420 11 0.695
flop 315606 11 0.941
flop 78010 9 0.431
flop 94377 8 0.425
flop 110744 7 0.425
flop 295145 12 0.74
flop 164755 7 0.641
flop 82102 9 0.387
flop 1085557 5 0.91
flop 98469 8 0.341
flop 114836 7 0.317
flop 165028 8 0.627
flop 315604 11 0.929
flop 286855 6 0.365
flop 295093 9 0.453
flop 86194 9 0.341
flop 165301 9 0.672
flop 299225 11 0.937
flop 291013 10 0.505
flop 165574 10 0.685
flop 1106138 11 0.976
flop 2136745 8 0.995
flop 180850 5 0.591
flop 165847 11 0.716
flop 274580 7 0.287
flop 295146 12 0.752
flop 311513 11 0.615
flop 181123 6 0.629
flop 82103 9 0.398
flop 98470 8 0.378
flop 114837 7 0.345
flop 299238 12 0.74
flop 315605 11 0.934
flop 86195 9 0.365
flop 102562 8 0.304
flop 303330 12 0.64
flop 1081411 2 0.89
flop 278727 10 0.565
flop 181942 9 0.711
flop 164484 6 0.695
flop 157045 5 0.627
flop 295147 12 0.76
flop 311514 11 0.585
flop 82104 9 0.397
flop 98471 8 0.403
flop 114838 7 0.373
flop 1102038 11 0.968
flop 2110515 1 0.953
flop 270434 4 0.929
flop 86196 9 0.366
flop 553144 9 0.925
flop 102563 8 0.329
flop 118930 7 0.311
flop 1106130 11 0.962
flop 557258 10 0.953
flop 152210 7 0.597
flop 315594 10 0.625
flop 82105 9 0.421
flop 98472 8 0.711
flop 114839 7 0.361
flop 299240 12 0.715
flop 315607 11 0.943
flop 4235466 10 1.0
flop 152756 9 0.629
flop 118931 7 0.322
flop 319699 11 0.657
flop 73922 10 0.571
flop 161510 12 0.7
flop 191138 8 0.708
flop 548998 6 0.885
flop 1089704 8 0.88
flop 299142 6 0.37
flop 191139 8 0.735
flop 311516 11 0.958
flop 168578 6 0.585
flop 82106 9 0.432
flop 98473 8 0.44
flop 114840 7 0.393
flop 299241 12 0.931
flop 315608 11 0.947
flop 86198 9 0.389
flop 102565 8 0.337
flop 118932 7 0.328
flop 169124 8 0.654
flop 1106132 11 0.971
flop 178854 8 0.73
flop 73923 10 0.409
flop 90290 9 0.341
flop 169397 9 0.656
flop 307369 8 0.48
flop 178855 8 0.748
flop 185682 3 0.611
flop 311414 5 0.265
flop 187048 8 0.772
flop 157011 3 0.593
flop 177316 8 0.656
flop 184946 5 0.586
flop 169943 11 0.713
flop 178857 8 0.757
flop 2132377 7 0.77
flop 2114900 3 0.989
flop 315609 11 0.953
flop 295094 9 0.453
flop 187050 8 0.789
flop 177493 3 0.578
