flop
12850 0.158
16962 0.17
17219 0.195
21074 0.189
21331 0.215
21588 0.239
25186 0.21
25443 0.235
25700 0.261
25957 0.284
29298 0.214
29555 0.239
29812 0.264
30069 0.288
30326 0.311
33410 0.238
33667 0.251
33924 0.276
34181 0.3
34438 0.324
34695 0.34
37522 0.264
37779 0.28
38036 0.292
38293 0.316
38550 0.339
38807 0.356
39064 0.371
41634 0.294
41891 0.309
42148 0.325
42405 0.337
42662 0.361
42919 0.376
43176 0.391
43433 0.407
45746 0.323
46003 0.338
46260 0.354
46517 0.369
46774 0.382
47031 0.397
47288 0.413
47545 0.426
47802 0.445
49858 0.355
50115 0.371
50372 0.386
50629 0.402
50886 0.416
51143 0.421
51400 0.437
51657 0.452
51914 0.469
52171 0.472
53970 0.391
54227 0.406
54484 0.421
54741 0.437
54998 0.452
55255 0.461
55512 0.466
55769 0.481
56026 0.499
56283 0.5
56540 0.505
58082 0.429
58339 0.446
58596 0.461
58853 0.476
59110 0.492
59367 0.5
59624 0.509
59881 0.515
60138 0.531
60395 0.534
60652 0.539
60909 0.542
73762 0.433
73778 0.526
73794 0.532
73795 0.196
73810 0.539
73811 0.207
73812 0.222
73826 0.545
73827 0.218
73828 0.233
73829 0.25
73842 0.542
73843 0.204
73844 0.22
73845 0.231
73846 0.251
73858 0.55
73859 0.236
73860 0.245
73861 0.269
73862 0.277
73863 0.286
73874 0.555
73875 0.269
73876 0.28
73877 0.29
73878 0.31
73879 0.312
73880 0.325
73890 0.562
73891 0.309
73892 0.316
73893 0.327
73894 0.344
73895 0.35
73896 0.364
73897 0.377
73906 0.568
73907 0.351
73908 0.366
73909 0.375
73910 0.386
73911 0.39
73912 0.409
73913 0.421
73914 0.43
73922 0.571
73923 0.411
73924 0.42
73925 0.424
73926 0.433
73927 0.446
73928 0.458
73929 0.465
73930 0.478
73931 0.488
73938 0.578
73939 0.465
73940 0.475
73941 0.484
73942 0.494
73943 0.498
73944 0.507
73945 0.522
73946 0.533
73947 0.544
73948 0.554
73954 0.583
73955 0.528
73956 0.538
73957 0.548
73958 0.557
73959 0.562
73960 0.573
73961 0.584
73962 0.594
73963 0.603
73964 0.617
73965 0.626
77874 0.518
77875 0.472
77890 0.185
77891 0.559
77906 0.199
77907 0.565
77908 0.242
77922 0.213
77923 0.574
77924 0.271
77925 0.276
77938 0.198
77939 0.571
77940 0.25
77941 0.257
77942 0.282
77954 0.226
77955 0.567
77956 0.248
77957 0.263
77958 0.275
77959 0.284
77970 0.264
77971 0.574
77972 0.281
77973 0.298
77974 0.308
77975 0.316
77976 0.327
77986 0.301
77987 0.581
77988 0.317
77989 0.329
77990 0.344
77991 0.358
77992 0.36
77993 0.374
78002 0.348
78003 0.587
78004 0.37
78005 0.377
78006 0.386
78007 0.397
78008 0.404
78009 0.414
78010 0.428
78018 0.404
78019 0.591
78020 0.419
78021 0.427
78022 0.438
78023 0.446
78024 0.449
78025 0.461
78026 0.477
78027 0.487
78034 0.457
78035 0.597
78036 0.471
78037 0.494
78038 0.494
78039 0.502
78040 0.506
78041 0.522
78042 0.532
78043 0.542
78044 0.554
78050 0.521
78051 0.601
78052 0.542
78053 0.549
78054 0.559
78055 0.565
78056 0.574
78057 0.582
78058 0.592
78059 0.603
78060 0.614
78061 0.627
81970 0.183
81986 0.539
81987 0.553
81988 0.511
82002 0.206
82003 0.245
82004 0.592
82018 0.218
82019 0.253
82020 0.599
82021 0.296
82034 0.201
82035 0.247
82036 0.597
82037 0.297
82038 0.308
82050 0.229
82051 0.241
82052 0.595
82053 0.283
82054 0.298
82055 0.312
82066 0.255
82067 0.275
82068 0.592
82069 0.299
82070 0.308
82071 0.311
82072 0.324
82082 0.299
82083 0.312
82084 0.601
82085 0.334
82086 0.348
82087 0.351
82088 0.365
82089 0.376
82098 0.349
82099 0.359
82100 0.606
82101 0.384
82102 0.387
82103 0.397
82104 0.406
82105 0.413
82106 0.425
82114 0.401
82115 0.411
82116 0.609
82117 0.431
82118 0.443
82119 0.445
82120 0.456
82121 0.465
82122 0.476
82123 0.487
82130 0.458
82131 0.47
82132 0.616
82133 0.491
82134 0.502
82135 0.51
82136 0.509
82137 0.518
82138 0.532
82139 0.54
82140 0.547
82146 0.522
82147 0.533
82148 0.62
82149 0.553
82150 0.562
82151 0.567
82152 0.573
82153 0.578
82154 0.592
82155 0.604
82156 0.611
82157 0.622
86066 0.179
86082 0.194
86083 0.232
86098 0.556
86099 0.569
86100 0.584
86101 0.549
86114 0.212
86115 0.263
86116 0.301
86117 0.623
86130 0.209
86131 0.245
86132 0.292
86133 0.623
86134 0.332
86146 0.233
86147 0.246
86148 0.286
86149 0.621
86150 0.318
86151 0.342
86162 0.262
86163 0.28
86164 0.293
86165 0.62
86166 0.332
86167 0.341
86168 0.357
86178 0.304
86179 0.316
86180 0.333
86181 0.618
86182 0.347
86183 0.36
86184 0.365
86185 0.369
86194 0.343
86195 0.361
86196 0.373
86197 0.624
86198 0.397
86199 0.404
86200 0.412
86201 0.418
86202 0.432
86210 0.397
86211 0.412
86212 0.429
86213 0.628
86214 0.446
86215 0.453
86216 0.457
86217 0.467
86218 0.474
86219 0.483
86226 0.455
86227 0.471
86228 0.485
86229 0.635
86230 0.501
86231 0.506
86232 0.516
86233 0.52
86234 0.532
86235 0.538
86236 0.549
86242 0.522
86243 0.535
86244 0.547
86245 0.639
86246 0.563
86247 0.572
86248 0.574
86249 0.584
86250 0.591
86251 0.601
86252 0.61
86253 0.623
90162 0.178
90178 0.19
90179 0.226
90194 0.214
90195 0.251
90196 0.295
90210 0.576
90211 0.589
90212 0.601
90213 0.616
90214 0.588
90226 0.211
90227 0.248
90228 0.286
90229 0.327
90230 0.647
90242 0.231
90243 0.247
90244 0.279
90245 0.32
90246 0.646
90247 0.37
90258 0.265
90259 0.279
90260 0.293
90261 0.328
90262 0.644
90263 0.363
90264 0.382
90274 0.301
90275 0.319
90276 0.326
90277 0.344
90278 0.643
90279 0.382
90280 0.385
90281 0.402
90290 0.342
90291 0.357
90292 0.375
90293 0.386
90294 0.639
90295 0.4
90296 0.41
90297 0.419
90298 0.426
90306 0.393
90307 0.412
90308 0.425
90309 0.443
90310 0.645
90311 0.452
90312 0.463
90313 0.467
90314 0.479
90315 0.487
90322 0.451
90323 0.467
90324 0.483
90325 0.499
90326 0.652
90327 0.507
90328 0.518
90329 0.522
90330 0.528
90331 0.537
90332 0.546
90338 0.521
90339 0.533
90340 0.546
90341 0.56
90342 0.656
90343 0.574
90344 0.581
90345 0.582
90346 0.594
90347 0.602
90348 0.608
90349 0.616
94258 0.143
94274 0.158
94275 0.201
94290 0.182
94291 0.226
94292 0.252
94306 0.203
94307 0.242
94308 0.285
94309 0.325
94322 0.595
94323 0.608
94324 0.622
94325 0.636
94326 0.65
94327 0.623
94338 0.234
94339 0.25
94340 0.289
94341 0.327
94342 0.361
94343 0.681
94354 0.271
94355 0.281
94356 0.293
94357 0.336
94358 0.36
94359 0.68
94360 0.403
94370 0.305
94371 0.319
94372 0.331
94373 0.344
94374 0.378
94375 0.679
94376 0.412
94377 0.427
94386 0.345
94387 0.359
94388 0.377
94389 0.391
94390 0.399
94391 0.676
94392 0.437
94393 0.444
94394 0.452
94402 0.396
94403 0.404
94404 0.424
94405 0.431
94406 0.45
94407 0.674
94408 0.464
94409 0.474
94410 0.476
94411 0.486
94418 0.449
94419 0.467
94420 0.481
94421 0.499
94422 0.507
94423 0.68
94424 0.52
94425 0.532
94426 0.537
94427 0.547
94428 0.55
94434 0.518
94435 0.533
94436 0.542
94437 0.559
94438 0.572
94439 0.685
94440 0.583
94441 0.591
94442 0.597
94443 0.604
94444 0.61
94445 0.623
98354 0.149
98370 0.163
98371 0.174
98386 0.185
98387 0.19
98388 0.225
98402 0.208
98403 0.219
98404 0.25
98405 0.296
98418 0.238
98419 0.251
98420 0.289
98421 0.322
98422 0.352
98434 0.624
98435 0.629
98436 0.642
98437 0.654
98438 0.669
98439 0.681
98440 0.656
98450 0.279
98451 0.287
98452 0.291
98453 0.335
98454 0.366
98455 0.4
98456 0.711
98466 0.309
98467 0.317
98468 0.34
98469 0.344
98470 0.381
98471 0.415
98472 0.71
98473 0.448
98482 0.346
98483 0.36
98484 0.372
98485 0.393
98486 0.405
98487 0.436
98488 0.71
98489 0.467
98490 0.476
98498 0.396
98499 0.41
98500 0.425
98501 0.441
98502 0.449
98503 0.468
98504 0.707
98505 0.499
98506 0.5
98507 0.512
98514 0.453
98515 0.467
98516 0.478
98517 0.493
98518 0.505
98519 0.518
98520 0.703
98521 0.533
98522 0.54
98523 0.548
98524 0.552
98530 0.517
98531 0.53
98532 0.543
98533 0.557
98534 0.571
98535 0.584
98536 0.71
98537 0.596
98538 0.604
98539 0.61
98540 0.615
98541 0.623
102450 0.15
102466 0.162
102467 0.175
102482 0.173
102483 0.192
102484 0.202
102498 0.203
102499 0.221
102500 0.235
102501 0.268
102514 0.234
102515 0.25
102516 0.255
102517 0.293
102518 0.329
102530 0.27
102531 0.282
102532 0.294
102533 0.332
102534 0.366
102535 0.397
102546 0.65
102547 0.656
102548 0.66
102549 0.675
102550 0.689
102551 0.699
102552 0.712
102553 0.689
102562 0.312
102563 0.323
102564 0.335
102565 0.352
102566 0.381
102567 0.411
102568 0.451
102569 0.742
102578 0.353
102579 0.369
102580 0.377
102581 0.389
102582 0.4
102583 0.441
102584 0.466
102585 0.741
102586 0.495
102594 0.403
102595 0.41
102596 0.429
102597 0.445
102598 0.458
102599 0.471
102600 0.497
102601 0.738
102602 0.524
102603 0.523
102610 0.459
102611 0.468
102612 0.476
102613 0.492
102614 0.51
102615 0.516
102616 0.536
102617 0.737
102618 0.564
102619 0.563
102620 0.576
102626 0.512
102627 0.531
102628 0.536
102629 0.551
102630 0.57
102631 0.581
102632 0.594
102633 0.734
102634 0.609
102635 0.609
102636 0.618
102637 0.625
106546 0.149
106562 0.164
106563 0.174
106578 0.179
106579 0.195
106580 0.207
106594 0.201
106595 0.218
106596 0.233
106597 0.243
106610 0.231
106611 0.246
106612 0.259
106613 0.274
106614 0.304
106626 0.268
106627 0.278
106628 0.302
106629 0.308
106630 0.34
106631 0.374
106642 0.315
106643 0.327
106644 0.336
106645 0.344
106646 0.385
106647 0.422
106648 0.443
106658 0.676
106659 0.684
106660 0.688
106661 0.694
106662 0.706
106663 0.719
106664 0.729
106665 0.741
106666 0.724
106674 0.361
106675 0.371
106676 0.385
106677 0.394
106678 0.4
106679 0.438
106680 0.469
106681 0.491
106682 0.771
106690 0.407
106691 0.422
106692 0.432
106693 0.447
106694 0.447
106695 0.466
106696 0.497
106697 0.524
106698 0.769
106699 0.552
106706 0.459
106707 0.472
106708 0.482
106709 0.496
106710 0.514
106711 0.521
106712 0.533
106713 0.56
106714 0.767
106715 0.585
106716 0.593
106722 0.522
106723 0.532
106724 0.547
106725 0.558
106726 0.568
106727 0.581
106728 0.598
106729 0.608
106730 0.769
106731 0.63
106732 0.637
106733 0.644
110642 0.155
110658 0.165
110659 0.177
110674 0.18
110675 0.187
110676 0.209
110690 0.203
110691 0.213
110692 0.229
110693 0.244
110706 0.225
110707 0.243
110708 0.261
110709 0.274
110710 0.281
110722 0.268
110723 0.283
110724 0.295
110725 0.308
110726 0.322
110727 0.345
110738 0.319
110739 0.326
110740 0.334
110741 0.353
110742 0.358
110743 0.395
110744 0.424
110754 0.361
110755 0.374
110756 0.385
110757 0.398
110758 0.404
110759 0.441
110760 0.468
110761 0.502
110770 0.707
110771 0.715
110772 0.723
110773 0.728
110774 0.734
110775 0.745
110776 0.755
110777 0.766
110778 0.782
110779 0.75
110786 0.409
110787 0.423
110788 0.435
110789 0.445
110790 0.455
110791 0.466
110792 0.499
110793 0.522
110794 0.542
110795 0.8
110802 0.464
110803 0.476
110804 0.487
110805 0.502
110806 0.513
110807 0.522
110808 0.535
110809 0.562
110810 0.591
110811 0.799
110812 0.596
110818 0.529
110819 0.534
110820 0.545
110821 0.563
110822 0.57
110823 0.585
110824 0.592
110825 0.607
110826 0.636
110827 0.797
110828 0.643
110829 0.647
114738 0.149
114754 0.162
114755 0.177
114770 0.176
114771 0.196
114772 0.207
114786 0.206
114787 0.217
114788 0.229
114789 0.248
114802 0.231
114803 0.251
114804 0.257
114805 0.274
114806 0.286
114818 0.266
114819 0.276
114820 0.291
114821 0.306
114822 0.322
114823 0.334
114834 0.315
114835 0.315
114836 0.333
114837 0.347
114838 0.357
114839 0.375
114840 0.402
114850 0.358
114851 0.371
114852 0.385
114853 0.392
114854 0.404
114855 0.416
114856 0.45
114857 0.477
114866 0.41
114867 0.426
114868 0.436
114869 0.444
114870 0.461
114871 0.466
114872 0.497
114873 0.526
114874 0.55
114882 0.741
114883 0.749
114884 0.756
114885 0.761
114886 0.769
114887 0.772
114888 0.783
114889 0.794
114890 0.806
114891 0.81
114892 0.779
114898 0.472
114899 0.485
114900 0.493
114901 0.502
114902 0.518
114903 0.524
114904 0.536
114905 0.558
114906 0.59
114907 0.594
114908 0.83
114914 0.536
114915 0.542
114916 0.551
114917 0.564
114918 0.572
114919 0.585
114920 0.599
114921 0.611
114922 0.634
114923 0.644
114924 0.828
114925 0.652
118834 0.152
118850 0.159
118851 0.174
118866 0.179
118867 0.196
118868 0.206
118882 0.207
118883 0.216
118884 0.234
118885 0.248
118898 0.231
118899 0.245
118900 0.263
118901 0.277
118902 0.293
118914 0.268
118915 0.272
118916 0.292
118917 0.303
118918 0.32
118919 0.333
118930 0.304
118931 0.32
118932 0.334
118933 0.343
118934 0.359
118935 0.376
118936 0.384
118946 0.359
118947 0.372
118948 0.384
118949 0.392
118950 0.403
118951 0.423
118952 0.428
118953 0.46
118962 0.417
118963 0.423
118964 0.437
118965 0.444
118966 0.459
118967 0.473
118968 0.482
118969 0.504
118970 0.531
118978 0.475
118979 0.485
118980 0.496
118981 0.506
118982 0.518
118983 0.525
118984 0.534
118985 0.564
118986 0.589
118987 0.603
118994 0.775
118995 0.783
118996 0.789
118997 0.795
118998 0.803
118999 0.808
119000 0.811
119001 0.818
119002 0.834
119003 0.838
119004 0.841
119005 0.808
119010 0.536
119011 0.547
119012 0.555
119013 0.57
119014 0.579
119015 0.589
119016 0.599
119017 0.608
119018 0.636
119019 0.644
119020 0.658
119021 0.86
122930 0.15
122946 0.162
122947 0.172
122962 0.179
122963 0.195
122964 0.206
122978 0.201
122979 0.217
122980 0.234
122981 0.249
122994 0.228
122995 0.243
122996 0.256
122997 0.277
122998 0.287
123010 0.269
123011 0.272
123012 0.29
123013 0.308
123014 0.32
123015 0.336
123026 0.31
123027 0.319
123028 0.327
123029 0.346
123030 0.356
123031 0.37
123032 0.386
123042 0.357
123043 0.372
123044 0.376
123045 0.391
123046 0.406
123047 0.421
123048 0.433
123049 0.441
123058 0.412
123059 0.423
123060 0.435
123061 0.446
123062 0.457
123063 0.467
123064 0.486
123065 0.492
123066 0.518
123074 0.471
123075 0.477
123076 0.496
123077 0.506
123078 0.515
123079 0.524
123080 0.537
123081 0.547
123082 0.576
123083 0.584
123090 0.538
123091 0.556
123092 0.561
123093 0.571
123094 0.582
123095 0.592
123096 0.604
123097 0.613
123098 0.637
123099 0.649
123100 0.659
123106 0.81
123107 0.818
123108 0.823
123109 0.831
123110 0.837
123111 0.842
123112 0.847
123113 0.849
123114 0.861
123115 0.864
123116 0.867
123117 0.871
123118 0.837
143906 0.461
143922 0.826
143923 0.572
143938 0.55
143939 0.618
143954 0.564
143955 0.621
143970 0.576
143971 0.626
143986 0.574
143987 0.622
144002 0.579
144003 0.625
144018 0.592
144019 0.64
144034 0.603
144035 0.653
144050 0.62
144051 0.652
144066 0.625
144067 0.66
144082 0.646
144083 0.672
144098 0.661
144099 0.687
148002 0.459
148018 0.542
148034 0.825
148035 0.617
148036 0.607
148050 0.554
148052 0.628
148066 0.562
148068 0.648
148082 0.577
148084 0.643
148098 0.584
148100 0.649
148114 0.592
148116 0.656
148130 0.606
148132 0.667
148146 0.614
148148 0.677
148162 0.621
148164 0.667
148178 0.635
148180 0.69
148194 0.659
148196 0.695
148274 0.553
148275 0.495
148290 0.584
148291 0.815
148292 0.599
148307 0.577
148308 0.636
148323 0.596
148324 0.646
148339 0.591
148340 0.647
148355 0.593
148356 0.641
148371 0.613
148372 0.644
148387 0.615
148388 0.663
148403 0.629
148404 0.67
148419 0.64
148420 0.673
148435 0.655
148436 0.686
148451 0.672
148452 0.696
152098 0.454
152114 0.557
152130 0.558
152146 0.825
152147 0.632
152148 0.641
152149 0.624
152162 0.575
152165 0.659
152178 0.568
152181 0.657
152194 0.58
152197 0.669
152210 0.582
152213 0.682
152226 0.597
152229 0.681
152242 0.614
152245 0.691
152258 0.634
152261 0.703
152274 0.638
152277 0.702
152290 0.661
152293 0.712
152370 0.55
152371 0.489
152387 0.591
152402 0.623
152403 0.813
152404 0.635
152405 0.632
152419 0.587
152421 0.657
152435 0.593
152437 0.661
152451 0.602
152453 0.654
152467 0.605
152469 0.669
152483 0.615
152485 0.67
152499 0.63
152501 0.684
152515 0.638
152517 0.684
152531 0.653
152533 0.701
152547 0.666
152549 0.707
152642 0.562
152643 0.574
152644 0.534
152658 0.611
152659 0.62
152660 0.805
152661 0.635
152676 0.606
152677 0.65
152692 0.622
152693 0.667
152708 0.616
152709 0.66
152724 0.619
152725 0.666
152740 0.624
152741 0.662
152756 0.644
152757 0.668
152772 0.651
152773 0.676
152788 0.665
152789 0.698
152804 0.684
152805 0.703
156194 0.448
156210 0.556
156226 0.557
156242 0.57
156258 0.826
156259 0.652
156260 0.652
156261 0.661
156262 0.654
156274 0.566
156278 0.682
156290 0.583
156294 0.682
156306 0.59
156310 0.7
156322 0.598
156326 0.7
156338 0.612
156342 0.707
156354 0.628
156358 0.713
156370 0.646
156374 0.721
156386 0.66
156390 0.733
156466 0.547
156467 0.482
156483 0.584
156499 0.591
156514 0.625
156515 0.817
156516 0.663
156517 0.657
156518 0.651
156531 0.596
156534 0.683
156547 0.593
156550 0.683
156563 0.606
156566 0.687
156579 0.624
156582 0.698
156595 0.635
156598 0.7
156611 0.649
156614 0.703
156627 0.649
156630 0.715
156643 0.669
156646 0.724
156738 0.563
156739 0.57
156740 0.54
156756 0.606
156770 0.625
156771 0.642
156772 0.802
156773 0.656
156774 0.656
156788 0.61
156790 0.677
156804 0.624
156806 0.684
156820 0.616
156822 0.678
156836 0.625
156838 0.675
156852 0.652
156854 0.693
156868 0.64
156870 0.697
156884 0.667
156886 0.702
156900 0.678
156902 0.716
157010 0.575
157011 0.595
157012 0.603
157013 0.575
157026 0.61
157027 0.626
157028 0.649
157029 0.789
157030 0.657
157045 0.64
157046 0.674
157061 0.638
157062 0.664
157077 0.635
157078 0.672
157093 0.636
157094 0.676
157109 0.655
157110 0.69
157125 0.665
157126 0.696
157141 0.672
157142 0.698
157157 0.698
157158 0.705
160290 0.446
160306 0.552
160322 0.567
160338 0.573
160354 0.581
160370 0.849
160371 0.666
160372 0.681
160373 0.697
160374 0.692
160375 0.674
160386 0.589
160391 0.715
160402 0.595
160407 0.718
160418 0.605
160423 0.729
160434 0.623
160439 0.739
160450 0.628
160455 0.744
160466 0.641
160471 0.746
160482 0.669
160487 0.758
160562 0.543
160563 0.484
160579 0.579
160595 0.592
160611 0.597
160626 0.659
160627 0.835
160628 0.677
160629 0.683
160630 0.694
160631 0.675
160643 0.596
160647 0.707
160659 0.625
160663 0.71
160675 0.625
160679 0.714
160691 0.639
160695 0.725
160707 0.647
160711 0.739
160723 0.659
160727 0.741
160739 0.678
160743 0.751
160834 0.563
160835 0.574
160836 0.533
160852 0.62
160868 0.62
160882 0.633
160883 0.662
160884 0.825
160885 0.68
160886 0.685
160887 0.676
160900 0.633
160903 0.7
160916 0.626
160919 0.701
160932 0.644
160935 0.708
160948 0.651
160951 0.711
160964 0.666
160967 0.724
160980 0.673
160983 0.739
160996 0.692
160999 0.746
161106 0.581
161107 0.598
161108 0.619
161109 0.575
161125 0.647
161138 0.647
161139 0.652
161140 0.665
161141 0.812
161142 0.687
161143 0.682
161157 0.644
161159 0.698
161173 0.648
161175 0.706
161189 0.648
161191 0.704
161205 0.664
161207 0.715
161221 0.677
161223 0.723
161237 0.688
161239 0.728
161253 0.704
161255 0.735
161378 0.597
161379 0.612
161380 0.628
161381 0.634
161382 0.624
161394 0.633
161395 0.636
161396 0.655
161397 0.661
161398 0.801
161399 0.682
161414 0.666
161415 0.708
161430 0.674
161431 0.702
161446 0.684
161447 0.71
161462 0.677
161463 0.716
161478 0.685
161479 0.714
161494 0.698
161495 0.716
161510 0.715
161511 0.721
164386 0.445
164402 0.554
164418 0.552
164434 0.571
164450 0.572
164466 0.586
164482 0.852
164483 0.685
164484 0.701
164485 0.703
164486 0.712
164487 0.713
164488 0.709
164498 0.595
164504 0.742
164514 0.608
164520 0.751
164530 0.619
164536 0.76
164546 0.638
164552 0.763
164562 0.643
164568 0.778
164578 0.665
164584 0.777
164658 0.552
164659 0.487
164675 0.583
164691 0.586
164707 0.599
164723 0.609
164738 0.684
164739 0.855
164740 0.705
164741 0.712
164742 0.709
164743 0.72
164744 0.7
164755 0.622
164760 0.748
164771 0.617
164776 0.754
164787 0.651
164792 0.757
164803 0.658
164808 0.761
164819 0.674
164824 0.762
164835 0.683
164840 0.781
164930 0.576
164931 0.56
164932 0.536
164948 0.613
164964 0.63
164980 0.634
164994 0.674
164995 0.682
164996 0.842
164997 0.702
164998 0.71
164999 0.717
165000 0.702
165012 0.635
165016 0.737
165028 0.642
165032 0.733
165044 0.656
165048 0.743
165060 0.675
165064 0.748
165076 0.684
165080 0.762
165092 0.699
165096 0.772
165202 0.589
165203 0.601
165204 0.607
165205 0.571
165221 0.651
165237 0.656
165250 0.666
165251 0.676
165252 0.698
165253 0.833
165254 0.712
165255 0.719
165256 0.699
165269 0.662
165272 0.728
165285 0.664
165288 0.73
165301 0.678
165304 0.745
165317 0.68
165320 0.74
165333 0.691
165336 0.757
165349 0.713
165352 0.761
165474 0.606
165475 0.607
165476 0.62
165477 0.636
165478 0.612
165494 0.675
165506 0.652
165507 0.668
165508 0.672
165509 0.687
165510 0.818
165511 0.704
165512 0.704
165526 0.691
165528 0.735
165542 0.693
165544 0.731
165558 0.684
165560 0.723
165574 0.696
165576 0.737
165590 0.707
165592 0.749
165606 0.726
165608 0.753
165746 0.625
165747 0.622
165748 0.637
165749 0.655
165750 0.671
165751 0.655
165762 0.648
165763 0.661
165764 0.666
165765 0.682
165766 0.698
165767 0.806
165768 0.709
165783 0.707
165784 0.721
165799 0.71
165800 0.736
165815 0.712
165816 0.737
165831 0.713
165832 0.736
165847 0.719
165848 0.746
165863 0.734
165864 0.743
168482 0.445
168498 0.544
168514 0.563
168530 0.565
168546 0.577
168562 0.586
168578 0.599
168594 0.857
168595 0.703
168596 0.718
168597 0.727
168598 0.729
168599 0.738
168600 0.741
168601 0.739
168610 0.608
168617 0.767
168626 0.621
168633 0.771
168642 0.637
168649 0.79
168658 0.641
168665 0.788
168674 0.654
168681 0.79
168754 0.551
168755 0.476
168771 0.58
168787 0.584
168803 0.595
168819 0.605
168835 0.616
168850 0.708
168851 0.855
168852 0.711
168853 0.737
168854 0.732
168855 0.742
168856 0.735
168857 0.732
168867 0.639
168873 0.766
168883 0.642
168889 0.769
168899 0.654
168905 0.777
168915 0.664
168921 0.79
168931 0.677
168937 0.793
169026 0.579
169027 0.59
169028 0.514
169044 0.616
169060 0.617
169076 0.638
169092 0.638
169106 0.701
169107 0.714
169108 0.861
169109 0.72
169110 0.724
169111 0.743
169112 0.742
169113 0.727
169124 0.653
169129 0.763
169140 0.669
169145 0.773
169156 0.683
169161 0.782
169172 0.694
169177 0.787
169188 0.704
169193 0.795
169298 0.589
169299 0.604
169300 0.614
169301 0.571
169317 0.652
169333 0.669
169349 0.67
169362 0.693
169363 0.699
169364 0.707
169365 0.848
169366 0.738
169367 0.734
169368 0.74
169369 0.721
169381 0.667
169385 0.755
169397 0.679
169401 0.764
169413 0.689
169417 0.77
169429 0.695
169433 0.779
169445 0.715
169449 0.788
169570 0.609
169571 0.623
169572 0.634
169573 0.638
169574 0.61
169590 0.676
169606 0.686
169618 0.684
169619 0.692
169620 0.694
169621 0.712
169622 0.832
169623 0.73
169624 0.741
169625 0.725
169638 0.7
169641 0.761
169654 0.702
169657 0.756
169670 0.707
169673 0.763
169686 0.715
169689 0.774
169702 0.729
169705 0.779
169842 0.633
169843 0.647
169844 0.643
169845 0.663
169846 0.681
169847 0.66
169863 0.709
169874 0.672
169875 0.678
169876 0.698
169877 0.71
169878 0.716
169879 0.826
169880 0.732
169881 0.731
169895 0.714
169897 0.757
169911 0.723
169913 0.751
169927 0.718
169929 0.755
169943 0.73
169945 0.771
169959 0.74
169961 0.784
170114 0.652
170115 0.644
170116 0.659
170117 0.675
170118 0.697
170119 0.705
170120 0.692
170130 0.664
170131 0.681
170132 0.69
170133 0.699
170134 0.709
170135 0.728
170136 0.82
170137 0.735
170152 0.739
170153 0.764
170168 0.74
170169 0.755
170184 0.744
170185 0.759
170200 0.753
170201 0.761
170216 0.75
170217 0.772
172578 0.444
172594 0.55
172610 0.561
172626 0.566
172642 0.58
172658 0.586
172674 0.601
172690 0.606
172706 0.861
172707 0.735
172708 0.737
172709 0.75
172710 0.752
172711 0.749
172712 0.759
172713 0.766
172714 0.766
172722 0.625
172730 0.8
172738 0.635
172746 0.799
172754 0.652
172762 0.812
172770 0.666
172778 0.811
172850 0.551
172851 0.484
172867 0.584
172883 0.589
172899 0.601
172915 0.613
172931 0.624
172947 0.635
172962 0.722
172963 0.865
172964 0.745
172965 0.749
172966 0.761
172967 0.753
172968 0.762
172969 0.77
172970 0.76
172979 0.646
172986 0.797
172995 0.653
173002 0.801
173011 0.672
173018 0.806
173027 0.684
173034 0.812
173122 0.572
173123 0.583
173124 0.514
173140 0.617
173156 0.626
173172 0.635
173188 0.641
173204 0.653
173218 0.719
173219 0.731
173220 0.858
173221 0.746
173222 0.751
173223 0.758
173224 0.764
173225 0.771
173226 0.756
173236 0.661
173242 0.78
173252 0.678
173258 0.796
173268 0.689
173274 0.804
173284 0.703
173290 0.804
173394 0.601
173395 0.607
173396 0.614
173397 0.557
173413 0.653
173429 0.656
173445 0.666
173461 0.684
173474 0.72
173475 0.734
173476 0.742
173477 0.862
173478 0.757
173479 0.744
173480 0.759
173481 0.767
173482 0.749
173493 0.681
173498 0.787
173509 0.696
173514 0.804
173525 0.703
173530 0.812
173541 0.722
173546 0.817
173666 0.617
173667 0.622
173668 0.635
173669 0.643
173670 0.598
173686 0.668
173702 0.688
173718 0.702
173730 0.715
173731 0.724
173732 0.729
173733 0.739
173734 0.849
173735 0.756
173736 0.762
173737 0.768
173738 0.751
173750 0.701
173754 0.784
173766 0.721
173770 0.793
173782 0.723
173786 0.809
173798 0.742
173802 0.81
173938 0.636
173939 0.644
173940 0.652
173941 0.662
173942 0.678
173943 0.66
173959 0.714
173975 0.718
173986 0.702
173987 0.714
173988 0.72
173989 0.725
173990 0.744
173991 0.846
173992 0.765
173993 0.762
173994 0.756
174007 0.722
174010 0.783
174023 0.731
174026 0.782
174039 0.739
174042 0.795
174055 0.75
174058 0.798
174210 0.663
174211 0.67
174212 0.68
174213 0.676
174214 0.689
174215 0.71
174216 0.697
174232 0.743
174242 0.701
174243 0.707
174244 0.711
174245 0.726
174246 0.732
174247 0.754
174248 0.836
174249 0.766
174250 0.759
174264 0.75
174266 0.788
174280 0.75
174282 0.789
174296 0.756
174298 0.783
174312 0.763
174314 0.789
174482 0.678
174483 0.687
174484 0.691
174485 0.697
174486 0.721
174487 0.72
174488 0.734
174489 0.736
174498 0.69
174499 0.694
174500 0.704
174501 0.717
174502 0.74
174503 0.735
174504 0.748
174505 0.831
174506 0.768
174521 0.768
174522 0.78
174537 0.779
174538 0.787
174553 0.784
174554 0.788
174569 0.777
174570 0.783
176674 0.448
176690 0.558
176706 0.565
176722 0.561
176738 0.582
176754 0.591
176770 0.61
176786 0.607
176802 0.633
176818 0.873
176819 0.756
176820 0.759
176821 0.771
176822 0.777
176823 0.783
176824 0.788
176825 0.789
176826 0.788
176827 0.796
176834 0.638
176843 0.824
176850 0.657
176859 0.832
176866 0.66
176875 0.836
176946 0.552
176947 0.487
176963 0.581
176979 0.595
176995 0.606
177011 0.607
177027 0.623
177043 0.635
177059 0.645
177074 0.75
177075 0.874
177076 0.765
177077 0.771
177078 0.782
177079 0.778
177080 0.786
177081 0.795
177082 0.799
177083 0.794
177091 0.657
177099 0.818
177107 0.676
177115 0.825
177123 0.683
177131 0.832
177218 0.577
177219 0.581
177220 0.522
177236 0.614
177252 0.62
177268 0.635
177284 0.648
177300 0.66
177316 0.659
177330 0.748
177331 0.759
177332 0.873
177333 0.768
177334 0.775
177335 0.78
177336 0.776
177337 0.792
177338 0.796
177339 0.786
177348 0.686
177355 0.813
177364 0.695
177371 0.827
177380 0.708
177387 0.832
177490 0.602
177491 0.6
177492 0.616
177493 0.555
177509 0.646
177525 0.656
177541 0.67
177557 0.68
177573 0.686
177586 0.741
177587 0.76
177588 0.762
177589 0.87
177590 0.768
177591 0.781
177592 0.78
177593 0.791
177594 0.789
177595 0.778
177605 0.707
177611 0.817
177621 0.72
177627 0.827
177637 0.722
177643 0.832
177762 0.635
177763 0.638
177764 0.637
177765 0.648
177766 0.61
177782 0.689
177798 0.686
177814 0.703
177830 0.71
177842 0.745
177843 0.747
177844 0.758
177845 0.762
177846 0.874
177847 0.779
177848 0.785
177849 0.801
177850 0.803
177851 0.774
177862 0.722
177867 0.818
177878 0.737
177883 0.826
177894 0.747
177899 0.831
178034 0.649
178035 0.657
178036 0.661
178037 0.662
178038 0.675
178039 0.651
178055 0.713
178071 0.733
178087 0.732
178098 0.736
178099 0.738
178100 0.75
178101 0.757
178102 0.762
178103 0.867
178104 0.792
178105 0.791
178106 0.797
178107 0.781
178119 0.747
178123 0.818
178135 0.749
178139 0.828
178151 0.763
178155 0.826
178306 0.665
178307 0.673
178308 0.68
178309 0.692
178310 0.689
178311 0.708
178312 0.694
178328 0.748
178344 0.757
178354 0.729
178355 0.736
178356 0.746
178357 0.743
178358 0.759
178359 0.774
178360 0.861
178361 0.783
178362 0.791
178363 0.783
178376 0.755
178379 0.816
178392 0.762
178395 0.816
178408 0.766
178411 0.817
178578 0.681
178579 0.701
178580 0.701
178581 0.704
178582 0.711
178583 0.724
178584 0.741
178585 0.727
178601 0.776
178610 0.723
178611 0.74
178612 0.736
178613 0.749
178614 0.75
178615 0.76
178616 0.783
178617 0.851
178618 0.791
178619 0.796
178633 0.783
178635 0.818
178649 0.792
178651 0.818
178665 0.787
178667 0.809
178850 0.701
178851 0.709
178852 0.714
178853 0.714
178854 0.728
178855 0.747
178856 0.76
178857 0.771
178858 0.788
178866 0.716
178867 0.722
178868 0.729
178869 0.733
178870 0.737
178871 0.756
178872 0.772
178873 0.777
178874 0.84
178875 0.793
178890 0.801
178891 0.819
178906 0.808
178907 0.825
178922 0.813
178923 0.821
180770 0.453
180786 0.557
180802 0.564
180818 0.572
180834 0.576
180850 0.594
180866 0.603
180882 0.61
180898 0.623
180914 0.634
180930 0.885
180931 0.789
180932 0.786
180933 0.798
180934 0.8
180935 0.796
180936 0.811
180937 0.816
180938 0.817
180939 0.826
180940 0.82
180946 0.648
180956 0.856
180962 0.66
180972 0.857
181042 0.555
181043 0.486
181059 0.583
181075 0.603
181091 0.605
181107 0.611
181123 0.626
181139 0.637
181155 0.645
181171 0.655
181186 0.769
181187 0.884
181188 0.787
181189 0.795
181190 0.795
181191 0.805
181192 0.808
181193 0.811
181194 0.82
181195 0.832
181196 0.816
181203 0.673
181212 0.843
181219 0.685
181228 0.859
181314 0.576
181315 0.596
181316 0.523
181332 0.616
181348 0.622
181364 0.635
181380 0.646
181396 0.657
181412 0.669
181428 0.681
181442 0.769
181443 0.778
181444 0.883
181445 0.784
181446 0.8
181447 0.799
181448 0.803
181449 0.809
181450 0.818
181451 0.83
181452 0.816
181460 0.699
181468 0.85
181476 0.717
181484 0.855
181586 0.61
181587 0.612
181588 0.617
181589 0.566
181605 0.645
181621 0.656
181637 0.669
181653 0.68
181669 0.685
181685 0.705
181698 0.765
181699 0.783
181700 0.787
181701 0.88
181702 0.797
181703 0.807
181704 0.814
181705 0.812
181706 0.819
181707 0.823
181708 0.815
181717 0.712
181724 0.843
181733 0.726
181740 0.856
181858 0.634
181859 0.649
181860 0.644
181861 0.649
181862 0.608
181878 0.669
181894 0.686
181910 0.7
181926 0.713
181942 0.723
181954 0.765
181955 0.778
181956 0.785
181957 0.791
181958 0.879
181959 0.801
181960 0.808
181961 0.811
181962 0.826
181963 0.825
181964 0.807
181974 0.737
181980 0.852
181990 0.742
181996 0.855
182130 0.651
182131 0.665
182132 0.668
182133 0.674
182134 0.69
182135 0.65
182151 0.715
182167 0.733
182183 0.744
182199 0.744
182210 0.776
182211 0.778
182212 0.784
182213 0.792
182214 0.802
182215 0.887
182216 0.808
182217 0.812
182218 0.818
182219 0.829
182220 0.803
182231 0.757
182236 0.853
182247 0.771
182252 0.853
182402 0.669
182403 0.683
182404 0.692
182405 0.696
182406 0.704
182407 0.71
182408 0.7
182424 0.744
182440 0.762
182456 0.769
182466 0.766
182467 0.77
182468 0.768
182469 0.784
182470 0.791
182471 0.8
182472 0.878
182473 0.818
182474 0.824
182475 0.829
182476 0.806
182488 0.774
182492 0.846
182504 0.79
182508 0.848
182674 0.704
182675 0.709
182676 0.706
182677 0.721
182678 0.718
182679 0.739
182680 0.75
182681 0.73
182697 0.791
182713 0.789
182722 0.759
182723 0.75
182724 0.774
182725 0.77
182726 0.776
182727 0.786
182728 0.8
182729 0.873
182730 0.819
182731 0.836
182732 0.814
182745 0.796
182748 0.835
182761 0.797
182764 0.843
182946 0.718
182947 0.718
182948 0.725
182949 0.732
182950 0.744
182951 0.75
182952 0.764
182953 0.772
182954 0.78
182970 0.815
182978 0.74
182979 0.753
182980 0.763
182981 0.77
182982 0.777
182983 0.772
182984 0.793
182985 0.809
182986 0.861
182987 0.822
182988 0.818
183002 0.81
183004 0.843
183018 0.816
183020 0.84
183218 0.731
183219 0.741
183220 0.746
183221 0.755
183222 0.756
183223 0.769
183224 0.782
183225 0.802
183226 0.814
183227 0.818
183234 0.745
183235 0.754
183236 0.758
183237 0.765
183238 0.777
183239 0.782
183240 0.794
183241 0.802
183242 0.821
183243 0.863
183244 0.824
183259 0.844
183260 0.842
183275 0.838
183276 0.837
184866 0.454
184882 0.55
184898 0.549
184914 0.577
184930 0.582
184946 0.586
184962 0.599
184978 0.607
184994 0.626
185010 0.647
185026 0.655
185042 0.897
185043 0.806
185044 0.813
185045 0.804
185046 0.817
185047 0.821
185048 0.836
185049 0.841
185050 0.842
185051 0.847
185052 0.86
185053 0.851
185058 0.671
185069 0.882
185138 0.56
185139 0.493
185155 0.584
185171 0.592
185187 0.591
185203 0.608
185219 0.621
185235 0.635
185251 0.632
185267 0.663
185283 0.675
185298 0.801
185299 0.895
185300 0.807
185301 0.811
185302 0.82
185303 0.826
185304 0.826
185305 0.837
185306 0.853
185307 0.843
185308 0.855
185309 0.846
185315 0.686
185325 0.879
185410 0.579
185411 0.597
185412 0.535
185428 0.616
185444 0.628
185460 0.637
185476 0.642
185492 0.653
185508 0.668
185524 0.684
185540 0.699
185554 0.795
185555 0.808
185556 0.894
185557 0.812
185558 0.822
185559 0.83
185560 0.835
185561 0.83
185562 0.849
185563 0.839
185564 0.854
185565 0.846
185572 0.711
185581 0.88
185682 0.602
185683 0.617
185684 0.615
185685 0.58
185701 0.653
185717 0.661
185733 0.668
185749 0.682
185765 0.685
185781 0.696
185797 0.711
185810 0.794
185811 0.798
185812 0.807
185813 0.894
185814 0.813
185815 0.826
185816 0.835
185817 0.838
185818 0.844
185819 0.846
185820 0.85
185821 0.84
185829 0.734
185837 0.873
185954 0.631
185955 0.64
185956 0.645
185957 0.642
185958 0.614
185974 0.685
185990 0.69
186006 0.704
186022 0.708
186038 0.728
186054 0.73
186066 0.789
186067 0.795
186068 0.804
186069 0.814
186070 0.894
186071 0.828
186072 0.83
186073 0.837
186074 0.846
186075 0.848
186076 0.862
186077 0.833
186086 0.747
186093 0.878
186226 0.651
186227 0.657
186228 0.674
186229 0.679
186230 0.682
186231 0.648
186247 0.717
186263 0.728
186279 0.734
186295 0.744
186311 0.758
186322 0.79
186323 0.809
186324 0.808
186325 0.822
186326 0.82
186327 0.892
186328 0.837
186329 0.841
186330 0.843
186331 0.851
186332 0.849
186333 0.837
186343 0.765
186349 0.869
186498 0.677
186499 0.696
186500 0.701
186501 0.704
186502 0.717
186503 0.723
186504 0.687
186520 0.751
186536 0.757
186552 0.778
186568 0.785
186578 0.786
186579 0.793
186580 0.802
186581 0.814
186582 0.814
186583 0.83
186584 0.903
186585 0.836
186586 0.848
186587 0.852
186588 0.856
186589 0.833
186600 0.801
186605 0.88
186770 0.701
186771 0.704
186772 0.721
186773 0.724
186774 0.73
186775 0.742
186776 0.755
186777 0.739
186793 0.791
186809 0.792
186825 0.809
186834 0.785
186835 0.794
186836 0.795
186837 0.803
186838 0.813
186839 0.823
186840 0.827
186841 0.897
186842 0.838
186843 0.847
186844 0.853
186845 0.842
186857 0.805
186861 0.869
187042 0.723
187043 0.733
187044 0.737
187045 0.743
187046 0.747
187047 0.758
187048 0.76
187049 0.779
187050 0.778
187066 0.813
187082 0.825
187090 0.776
187091 0.779
187092 0.785
187093 0.79
187094 0.801
187095 0.803
187096 0.815
187097 0.836
187098 0.883
187099 0.848
187100 0.852
187101 0.841
187114 0.821
187117 0.87
187314 0.749
187315 0.756
187316 0.757
187317 0.766
187318 0.771
187319 0.783
187320 0.793
187321 0.799
187322 0.822
187323 0.817
187339 0.849
187346 0.771
187347 0.788
187348 0.79
187349 0.805
187350 0.793
187351 0.812
187352 0.814
187353 0.831
187354 0.841
187355 0.89
187356 0.849
187357 0.843
187371 0.85
187373 0.865
187586 0.776
187587 0.771
187588 0.786
187589 0.786
187590 0.791
187591 0.805
187592 0.811
187593 0.827
187594 0.832
187595 0.853
187596 0.853
187602 0.782
187603 0.782
187604 0.791
187605 0.794
187606 0.8
187607 0.805
187608 0.821
187609 0.829
187610 0.839
187611 0.857
187612 0.891
187613 0.851
187628 0.861
187629 0.873
188962 0.461
188978 0.574
188994 0.563
189010 0.569
189026 0.577
189042 0.587
189058 0.606
189074 0.607
189090 0.631
189106 0.642
189122 0.648
189138 0.673
189154 0.906
189155 0.825
189156 0.826
189157 0.835
189158 0.846
189159 0.848
189160 0.864
189161 0.856
189162 0.87
189163 0.868
189164 0.884
189165 0.888
189166 0.881
189234 0.561
189235 0.493
189251 0.587
189267 0.603
189283 0.613
189299 0.616
189315 0.626
189331 0.633
189347 0.65
189363 0.659
189379 0.675
189395 0.694
189410 0.824
189411 0.907
189412 0.835
189413 0.836
189414 0.848
189415 0.853
189416 0.85
189417 0.862
189418 0.861
189419 0.873
189420 0.88
189421 0.882
189422 0.878
189506 0.584
189507 0.591
189508 0.533
189524 0.62
189540 0.629
189556 0.644
189572 0.643
189588 0.661
189604 0.677
189620 0.689
189636 0.699
189652 0.709
189666 0.812
189667 0.824
189668 0.906
189669 0.836
189670 0.847
189671 0.851
189672 0.855
189673 0.861
189674 0.859
189675 0.875
189676 0.874
189677 0.884
189678 0.869
189778 0.607
189779 0.608
189780 0.62
189781 0.57
189797 0.656
189813 0.668
189829 0.665
189845 0.678
189861 0.69
189877 0.705
189893 0.72
189909 0.724
189922 0.82
189923 0.818
189924 0.828
189925 0.905
189926 0.844
189927 0.855
189928 0.854
189929 0.863
189930 0.87
189931 0.869
189932 0.873
189933 0.876
189934 0.868
190050 0.63
190051 0.639
190052 0.645
190053 0.647
190054 0.614
190070 0.688
190086 0.696
190102 0.701
190118 0.711
190134 0.722
190150 0.742
190166 0.744
190178 0.812
190179 0.822
190180 0.827
190181 0.833
190182 0.903
190183 0.846
190184 0.853
190185 0.857
190186 0.863
190187 0.865
190188 0.876
190189 0.877
190190 0.863
190322 0.656
190323 0.662
190324 0.676
190325 0.673
190326 0.688
190327 0.658
190343 0.721
190359 0.728
190375 0.731
190391 0.748
190407 0.763
190423 0.775
190434 0.814
190435 0.813
190436 0.826
190437 0.835
190438 0.846
190439 0.908
190440 0.854
190441 0.856
190442 0.87
190443 0.869
190444 0.882
190445 0.878
190446 0.86
190594 0.683
190595 0.691
190596 0.699
190597 0.703
190598 0.713
190599 0.731
190600 0.697
190616 0.741
190632 0.763
190648 0.774
190664 0.777
190680 0.797
190690 0.811
190691 0.814
190692 0.828
190693 0.835
190694 0.843
190695 0.854
190696 0.91
190697 0.869
190698 0.868
190699 0.869
190700 0.879
190701 0.879
190702 0.863
190866 0.72
190867 0.714
190868 0.728
190869 0.731
190870 0.744
190871 0.749
190872 0.762
190873 0.736
190889 0.779
190905 0.791
190921 0.8
190937 0.816
190946 0.818
190947 0.826
190948 0.825
190949 0.829
190950 0.848
190951 0.855
190952 0.857
190953 0.916
190954 0.872
190955 0.875
190956 0.875
190957 0.886
190958 0.86
191138 0.73
191139 0.737
191140 0.738
191141 0.755
191142 0.759
191143 0.768
191144 0.773
191145 0.777
191146 0.787
191162 0.829
191178 0.824
191194 0.834
191202 0.804
191203 0.814
191204 0.821
191205 0.839
191206 0.833
191207 0.839
191208 0.843
191209 0.855
191210 0.904
191211 0.872
191212 0.876
191213 0.881
191214 0.871
191410 0.753
191411 0.764
191412 0.768
191413 0.777
191414 0.782
191415 0.789
191416 0.793
191417 0.802
191418 0.82
191419 0.817
191435 0.842
191451 0.845
191458 0.808
191459 0.818
191460 0.81
191461 0.826
191462 0.834
191463 0.837
191464 0.85
191465 0.857
191466 0.871
191467 0.909
191468 0.881
191469 0.884
191470 0.872
191682 0.777
191683 0.79
191684 0.79
191685 0.794
191686 0.808
191687 0.817
191688 0.821
191689 0.828
191690 0.849
191691 0.849
191692 0.855
191708 0.87
191714 0.798
191715 0.816
191716 0.821
191717 0.828
191718 0.827
191719 0.845
191720 0.848
191721 0.855
191722 0.871
191723 0.883
191724 0.914
191725 0.881
191726 0.878
191954 0.8
191955 0.81
191956 0.812
191957 0.823
191958 0.835
191959 0.836
191960 0.844
191961 0.851
191962 0.872
191963 0.872
191964 0.877
191965 0.882
191970 0.815
191971 0.82
191972 0.82
191973 0.827
191974 0.839
191975 0.843
191976 0.85
191977 0.861
191978 0.871
191979 0.886
191980 0.881
191981 0.919
191982 0.882
270370 0.929
270386 0.917
270402 0.92
270403 0.181
270418 0.92
270419 0.191
270420 0.207
270434 0.926
270435 0.208
270436 0.23
270437 0.231
270450 0.926
270451 0.228
270452 0.243
270453 0.249
270454 0.268
270466 0.929
270467 0.27
270468 0.269
270469 0.283
270470 0.299
270471 0.298
270482 0.932
270483 0.294
270484 0.329
270485 0.319
270486 0.332
270487 0.347
270488 0.349
270498 0.933
270499 0.353
270500 0.376
270501 0.379
270502 0.377
270503 0.39
270504 0.403
270505 0.424
270514 0.935
270515 0.415
270516 0.424
270517 0.438
270518 0.448
270519 0.456
270520 0.464
270521 0.475
270522 0.482
270530 0.94
270531 0.49
270532 0.498
270533 0.509
270534 0.512
270535 0.525
270536 0.524
270537 0.54
270538 0.536
270539 0.566
270546 0.942
270547 0.568
270548 0.574
270549 0.585
270550 0.593
270551 0.59
270552 0.609
270553 0.621
270554 0.624
270555 0.643
270556 0.662
270562 0.946
270563 0.638
270564 0.646
270565 0.659
270566 0.682
270567 0.673
270568 0.687
270569 0.69
270570 0.707
270571 0.711
270572 0.717
270573 0.737
274482 0.91
274483 0.923
274498 0.179
274499 0.92
274514 0.188
274515 0.922
274516 0.219
274530 0.21
274531 0.927
274532 0.235
274533 0.25
274546 0.232
274547 0.927
274548 0.262
274549 0.267
274550 0.282
274562 0.263
274563 0.928
274564 0.285
274565 0.292
274566 0.311
274567 0.33
274578 0.32
274579 0.93
274580 0.319
274581 0.369
274582 0.355
274583 0.339
274584 0.368
274594 0.343
274595 0.932
274596 0.358
274597 0.404
274598 0.381
274599 0.395
274600 0.41
274601 0.414
274610 0.401
274611 0.933
274612 0.431
274613 0.428
274614 0.45
274615 0.471
274616 0.47
274617 0.463
274618 0.483
274626 0.487
274627 0.936
274628 0.49
274629 0.504
274630 0.523
274631 0.532
274632 0.528
274633 0.531
274634 0.564
274635 0.564
274642 0.557
274643 0.94
274644 0.575
274645 0.59
274646 0.587
274647 0.585
274648 0.618
274649 0.614
274650 0.629
274651 0.655
274652 0.647
274658 0.629
274659 0.942
274660 0.657
274661 0.651
274662 0.662
274663 0.673
274664 0.678
274665 0.699
274666 0.72
274667 0.716
274668 0.722
274669 0.747
278578 0.181
278594 0.91
278595 0.915
278596 0.919
278610 0.189
278611 0.211
278612 0.923
278626 0.204
278627 0.222
278628 0.926
278629 0.254
278642 0.242
278643 0.252
278644 0.927
278645 0.263
278646 0.286
278658 0.258
278659 0.273
278660 0.927
278661 0.29
278662 0.295
278663 0.306
278674 0.293
278675 0.307
278676 0.927
278677 0.338
278678 0.343
278679 0.352
278680 0.372
278690 0.345
278691 0.359
278692 0.93
278693 0.391
278694 0.398
278695 0.402
278696 0.405
278697 0.419
278706 0.404
278707 0.432
278708 0.933
278709 0.44
278710 0.45
278711 0.444
278712 0.465
278713 0.462
278714 0.496
278722 0.465
278723 0.473
278724 0.936
278725 0.511
278726 0.536
278727 0.515
278728 0.522
278729 0.533
278730 0.55
278731 0.568
278738 0.549
278739 0.552
278740 0.938
278741 0.571
278742 0.579
278743 0.577
278744 0.59
278745 0.615
278746 0.637
278747 0.639
278748 0.648
278754 0.631
278755 0.643
278756 0.941
278757 0.652
278758 0.676
278759 0.679
278760 0.673
278761 0.705
278762 0.694
278763 0.713
278764 0.736
278765 0.749
282674 0.182
282690 0.195
282691 0.209
282706 0.909
282707 0.913
282708 0.92
282709 0.913
282722 0.217
282723 0.248
282724 0.239
282725 0.93
282738 0.221
282739 0.233
282740 0.262
282741 0.928
282742 0.314
282754 0.284
282755 0.281
282756 0.292
282757 0.926
282758 0.318
282759 0.327
282770 0.312
282771 0.327
282772 0.326
282773 0.926
282774 0.34
282775 0.356
282776 0.365
282786 0.333
282787 0.358
282788 0.367
282789 0.926
282790 0.371
282791 0.396
282792 0.389
282793 0.4
282802 0.416
282803 0.432
282804 0.438
282805 0.93
282806 0.451
282807 0.453
282808 0.479
282809 0.47
282810 0.483
282818 0.479
282819 0.469
282820 0.504
282821 0.932
282822 0.514
282823 0.516
282824 0.541
282825 0.552
282826 0.544
282827 0.551
282834 0.544
282835 0.567
282836 0.573
282837 0.934
282838 0.584
282839 0.595
282840 0.609
282841 0.608
282842 0.618
282843 0.652
282844 0.634
282850 0.633
282851 0.639
282852 0.656
282853 0.935
282854 0.675
282855 0.69
282856 0.69
282857 0.685
282858 0.707
282859 0.746
282860 0.73
282861 0.735
286770 0.172
286786 0.213
286787 0.206
286802 0.212
286803 0.233
286804 0.245
286818 0.906
286819 0.912
286820 0.918
286821 0.923
286822 0.907
286834 0.235
286835 0.224
286836 0.26
286837 0.293
286838 0.93
286850 0.241
286851 0.268
286852 0.298
286853 0.33
286854 0.928
286855 0.32
286866 0.307
286867 0.319
286868 0.316
286869 0.342
286870 0.927
286871 0.362
286872 0.374
286882 0.353
286883 0.355
286884 0.381
286885 0.377
286886 0.927
286887 0.408
286888 0.415
286889 0.428
286898 0.407
286899 0.408
286900 0.426
286901 0.45
286902 0.925
286903 0.464
286904 0.465
286905 0.472
286906 0.492
286914 0.464
286915 0.491
286916 0.503
286917 0.51
286918 0.929
286919 0.509
286920 0.515
286921 0.535
286922 0.537
286923 0.556
286930 0.556
286931 0.567
286932 0.573
286933 0.587
286934 0.93
286935 0.575
286936 0.595
286937 0.632
286938 0.643
286939 0.639
286940 0.627
286946 0.625
286947 0.649
286948 0.66
286949 0.669
286950 0.935
286951 0.675
286952 0.673
286953 0.695
286954 0.701
286955 0.718
286956 0.713
286957 0.745
290866 0.186
290882 0.182
290883 0.186
290898 0.202
290899 0.239
290900 0.23
290914 0.24
290915 0.243
290916 0.271
290917 0.286
290930 0.905
290931 0.91
290932 0.916
290933 0.921
290934 0.929
290935 0.912
290946 0.268
290947 0.278
290948 0.295
290949 0.308
290950 0.327
290951 0.934
290962 0.298
290963 0.327
290964 0.337
290965 0.333
290966 0.355
290967 0.934
290968 0.371
290978 0.342
290979 0.364
290980 0.378
290981 0.392
290982 0.407
290983 0.932
290984 0.42
290985 0.423
290994 0.422
290995 0.424
290996 0.428
290997 0.447
290998 0.446
290999 0.934
291000 0.481
291001 0.462
291002 0.483
291010 0.463
291011 0.491
291012 0.488
291013 0.514
291014 0.517
291015 0.933
291016 0.543
291017 0.546
291018 0.551
291019 0.553
291026 0.554
291027 0.578
291028 0.558
291029 0.584
291030 0.601
291031 0.934
291032 0.608
291033 0.609
291034 0.628
291035 0.644
291036 0.632
291042 0.629
291043 0.63
291044 0.662
291045 0.673
291046 0.679
291047 0.937
291048 0.702
291049 0.694
291050 0.711
291051 0.715
291052 0.743
291053 0.735
294962 0.156
294978 0.185
294979 0.207
294994 0.193
294995 0.208
294996 0.227
295010 0.219
295011 0.242
295012 0.265
295013 0.263
295026 0.267
295027 0.269
295028 0.272
295029 0.328
295030 0.323
295042 0.907
295043 0.91
295044 0.919
295045 0.922
295046 0.927
295047 0.934
295048 0.917
295058 0.298
295059 0.313
295060 0.311
295061 0.346
295062 0.355
295063 0.366
295064 0.94
295074 0.359
295075 0.368
295076 0.361
295077 0.39
295078 0.398
295079 0.426
295080 0.938
295081 0.428
295090 0.422
295091 0.408
295092 0.441
295093 0.451
295094 0.468
295095 0.479
295096 0.937
295097 0.477
295098 0.496
295106 0.461
295107 0.504
295108 0.504
295109 0.5
295110 0.515
295111 0.525
295112 0.934
295113 0.55
295114 0.561
295115 0.579
295122 0.549
295123 0.554
295124 0.578
295125 0.58
295126 0.612
295127 0.61
295128 0.935
295129 0.628
295130 0.64
295131 0.635
295132 0.634
295138 0.625
295139 0.652
295140 0.663
295141 0.678
295142 0.676
295143 0.672
295144 0.939
295145 0.703
295146 0.703
295147 0.702
295148 0.729
295149 0.73
299058 0.163
299074 0.173
299075 0.183
299090 0.195
299091 0.209
299092 0.228
299106 0.237
299107 0.247
299108 0.235
299109 0.26
299122 0.259
299123 0.27
299124 0.3
299125 0.303
299126 0.305
299138 0.319
299139 0.304
299140 0.32
299141 0.333
299142 0.352
299143 0.379
299154 0.91
299155 0.915
299156 0.916
299157 0.922
299158 0.926
299159 0.931
299160 0.94
299161 0.921
299170 0.35
299171 0.349
299172 0.369
299173 0.376
299174 0.405
299175 0.441
299176 0.437
299177 0.943
299186 0.412
299187 0.426
299188 0.447
299189 0.434
299190 0.448
299191 0.47
299192 0.49
299193 0.944
299194 0.497
299202 0.474
299203 0.476
299204 0.513
299205 0.497
299206 0.508
299207 0.528
299208 0.572
299209 0.941
299210 0.518
299211 0.564
299218 0.546
299219 0.561
299220 0.577
299221 0.58
299222 0.598
299223 0.603
299224 0.62
299225 0.939
299226 0.623
299227 0.649
299228 0.648
299234 0.631
299235 0.652
299236 0.648
299237 0.674
299238 0.681
299239 0.695
299240 0.721
299241 0.941
299242 0.715
299243 0.705
299244 0.72
299245 0.739
303154 0.136
303170 0.184
303171 0.194
303186 0.178
303187 0.212
303188 0.224
303202 0.219
303203 0.246
303204 0.238
303205 0.233
303218 0.261
303219 0.27
303220 0.279
303221 0.282
303222 0.296
303234 0.305
303235 0.312
303236 0.328
303237 0.332
303238 0.345
303239 0.376
303250 0.355
303251 0.372
303252 0.373
303253 0.378
303254 0.401
303255 0.411
303256 0.432
303266 0.91
303267 0.912
303268 0.917
303269 0.916
303270 0.925
303271 0.93
303272 0.937
303273 0.944
303274 0.918
303282 0.411
303283 0.42
303284 0.441
303285 0.436
303286 0.466
303287 0.472
303288 0.48
303289 0.498
303290 0.948
303298 0.473
303299 0.498
303300 0.503
303301 0.51
303302 0.515
303303 0.537
303304 0.537
303305 0.559
303306 0.946
303307 0.574
303314 0.544
303315 0.584
303316 0.585
303317 0.594
303318 0.603
303319 0.617
303320 0.619
303321 0.612
303322 0.947
303323 0.656
303324 0.643
303330 0.64
303331 0.649
303332 0.659
303333 0.662
303334 0.671
303335 0.691
303336 0.692
303337 0.722
303338 0.943
303339 0.72
303340 0.733
303341 0.74
307250 0.169
307266 0.176
307267 0.191
307282 0.199
307283 0.2
307284 0.244
307298 0.233
307299 0.252
307300 0.246
307301 0.251
307314 0.267
307315 0.293
307316 0.276
307317 0.294
307318 0.302
307330 0.311
307331 0.311
307332 0.326
307333 0.342
307334 0.331
307335 0.369
307346 0.361
307347 0.366
307348 0.372
307349 0.383
307350 0.402
307351 0.399
307352 0.423
307362 0.414
307363 0.428
307364 0.446
307365 0.44
307366 0.464
307367 0.465
307368 0.478
307369 0.494
307378 0.917
307379 0.917
307380 0.92
307381 0.926
307382 0.927
307383 0.931
307384 0.941
307385 0.946
307386 0.95
307387 0.928
307394 0.475
307395 0.513
307396 0.511
307397 0.533
307398 0.511
307399 0.532
307400 0.546
307401 0.559
307402 0.582
307403 0.952
307410 0.575
307411 0.566
307412 0.577
307413 0.59
307414 0.571
307415 0.609
307416 0.609
307417 0.626
307418 0.644
307419 0.951
307420 0.649
307426 0.649
307427 0.655
307428 0.651
307429 0.662
307430 0.674
307431 0.683
307432 0.713
307433 0.715
307434 0.726
307435 0.952
307436 0.742
307437 0.728
311346 0.179
311362 0.177
311363 0.174
311378 0.209
311379 0.211
311380 0.208
311394 0.224
311395 0.232
311396 0.249
311397 0.272
311410 0.26
311411 0.277
311412 0.277
311413 0.295
311414 0.281
311426 0.319
311427 0.314
311428 0.329
311429 0.337
311430 0.319
311431 0.354
311442 0.363
311443 0.38
311444 0.357
311445 0.394
311446 0.4
311447 0.429
311448 0.452
311458 0.413
311459 0.434
311460 0.427
311461 0.437
311462 0.442
311463 0.448
311464 0.49
311465 0.492
311474 0.471
311475 0.472
311476 0.49
311477 0.514
311478 0.535
311479 0.536
311480 0.551
311481 0.554
311482 0.56
311490 0.924
311491 0.924
311492 0.929
311493 0.93
311494 0.935
311495 0.936
311496 0.942
311497 0.947
311498 0.954
311499 0.956
311500 0.935
311506 0.571
311507 0.552
311508 0.589
311509 0.58
311510 0.609
311511 0.616
311512 0.635
311513 0.626
311514 0.653
311515 0.648
311516 0.956
311522 0.631
311523 0.64
311524 0.668
311525 0.661
311526 0.694
311527 0.68
311528 0.7
311529 0.711
311530 0.723
311531 0.721
311532 0.956
311533 0.741
315442 0.18
315458 0.172
315459 0.193
315474 0.194
315475 0.206
315476 0.218
315490 0.225
315491 0.248
315492 0.245
315493 0.265
315506 0.258
315507 0.255
315508 0.295
315509 0.297
315510 0.312
315522 0.302
315523 0.32
315524 0.321
315525 0.329
315526 0.352
315527 0.364
315538 0.363
315539 0.37
315540 0.382
315541 0.375
315542 0.387
315543 0.417
315544 0.413
315554 0.423
315555 0.418
315556 0.434
315557 0.442
315558 0.469
315559 0.458
315560 0.487
315561 0.505
315570 0.493
315571 0.506
315572 0.5
315573 0.522
315574 0.519
315575 0.536
315576 0.529
315577 0.574
315578 0.564
315586 0.547
315587 0.582
315588 0.581
315589 0.597
315590 0.585
315591 0.612
315592 0.621
315593 0.649
315594 0.658
315595 0.66
315602 0.929
315603 0.929
315604 0.934
315605 0.935
315606 0.938
315607 0.941
315608 0.945
315609 0.95
315610 0.958
315611 0.959
315612 0.961
315613 0.942
315618 0.634
315619 0.655
315620 0.663
315621 0.683
315622 0.672
315623 0.682
315624 0.703
315625 0.716
315626 0.728
315627 0.73
315628 0.725
315629 0.963
319538 0.176
319554 0.189
319555 0.196
319570 0.197
319571 0.214
319572 0.226
319586 0.222
319587 0.231
319588 0.249
319589 0.268
319602 0.264
319603 0.254
319604 0.289
319605 0.301
319606 0.3
319618 0.319
319619 0.315
319620 0.317
319621 0.339
319622 0.359
319623 0.352
319634 0.348
319635 0.362
319636 0.39
319637 0.4
319638 0.397
319639 0.41
319640 0.401
319650 0.415
319651 0.432
319652 0.44
319653 0.456
319654 0.463
319655 0.479
319656 0.455
319657 0.479
319666 0.471
319667 0.512
319668 0.49
319669 0.51
319670 0.515
319671 0.535
319672 0.534
319673 0.555
319674 0.555
319682 0.551
319683 0.579
319684 0.577
319685 0.611
319686 0.604
319687 0.611
319688 0.62
319689 0.62
319690 0.644
319691 0.647
319698 0.645
319699 0.655
319700 0.658
319701 0.687
319702 0.67
319703 0.679
319704 0.719
319705 0.73
319706 0.73
319707 0.733
319708 0.74
319714 0.934
319715 0.935
319716 0.939
319717 0.944
319718 0.944
319719 0.949
319720 0.953
319721 0.952
319722 0.959
319723 0.961
319724 0.963
319725 0.966
319726 0.951
532530 0.804
532546 0.848
532547 0.893
532562 0.863
532563 0.905
532564 0.913
532578 0.865
532579 0.908
532580 0.92
532581 0.92
536643 0.806
536659 0.857
536660 0.897
536675 0.871
536676 0.908
536677 0.917
536691 0.872
536692 0.914
536693 0.919
536694 0.921
540756 0.816
540772 0.868
540773 0.897
540788 0.877
540789 0.907
540790 0.919
540804 0.888
540805 0.914
540806 0.92
540807 0.929
544869 0.816
544885 0.871
544886 0.904
544901 0.886
544902 0.916
544903 0.929
544917 0.891
544918 0.922
544919 0.931
544920 0.928
548982 0.829
548998 0.879
548999 0.909
549014 0.89
549015 0.92
549016 0.936
549030 0.895
549031 0.925
549032 0.936
549033 0.934
553095 0.834
553111 0.881
553112 0.917
553127 0.895
553128 0.924
553129 0.936
553143 0.905
553144 0.934
553145 0.941
553146 0.944
557208 0.845
557224 0.9
557225 0.928
557240 0.908
557241 0.928
557242 0.943
557256 0.911
557257 0.939
557258 0.937
557259 0.946
561321 0.906
561337 0.909
561338 0.946
561353 0.904
561354 0.944
561355 0.943
561369 0.919
561370 0.94
561371 0.947
561372 0.946
565434 0.944
565450 0.946
565451 0.948
565466 0.951
565467 0.955
565468 0.943
565482 0.948
565483 0.953
565484 0.951
565485 0.953
1077298 0.874
1077314 0.868
1077349 0.89
1077362 0.904
1077363 0.877
1077364 0.888
1077365 0.892
1077366 0.888
1081394 0.87
1081410 0.861
1081411 0.864
1081426 0.882
1081427 0.893
1081428 0.882
1081442 0.886
1081443 0.867
1081444 0.87
1081445 0.892
1081458 0.898
1081459 0.864
1081461 0.877
1081462 0.904
1081474 0.882
1081475 0.885
1081476 0.887
1081477 0.894
1081478 0.891
1081479 0.897
1085490 0.871
1085506 0.847
1085507 0.876
1085522 0.874
1085523 0.875
1085524 0.883
1085538 0.862
1085539 0.886
1085540 0.872
1085541 0.885
1085554 0.878
1085555 0.876
1085556 0.889
1085557 0.882
1085558 0.893
1085570 0.873
1085571 0.877
1085572 0.884
1085573 0.903
1085574 0.893
1085575 0.895
1085586 0.88
1085587 0.885
1085588 0.9
1085589 0.891
1085590 0.906
1085591 0.903
1085592 0.886
1089586 0.846
1089602 0.87
1089603 0.864
1089618 0.861
1089619 0.86
1089620 0.875
1089634 0.876
1089635 0.859
1089636 0.88
1089637 0.883
1089650 0.877
1089651 0.874
1089652 0.891
1089653 0.882
1089654 0.904
1089666 0.892
1089667 0.889
1089668 0.876
1089669 0.892
1089670 0.888
1089671 0.898
1089682 0.887
1089683 0.907
1089684 0.872
1089685 0.893
1089686 0.905
1089687 0.898
1089688 0.907
1089698 0.891
1089699 0.897
1089700 0.904
1089701 0.907
1089702 0.914
1089703 0.912
1089704 0.912
1089705 0.905
1093682 0.852
1093698 0.861
1093699 0.85
1093714 0.853
1093715 0.866
1093716 0.854
1093730 0.874
1093731 0.876
1093732 0.876
1093733 0.875
1093746 0.872
1093747 0.878
1093748 0.873
1093749 0.878
1093750 0.879
1093762 0.885
1093763 0.883
1093764 0.891
1093765 0.88
1093766 0.885
1093767 0.89
1093778 0.896
1093779 0.91
1093780 0.9
1093781 0.904
1093782 0.901
1093783 0.899
1093784 0.912
1093794 0.911
1093795 0.913
1093796 0.904
1093797 0.906
1093798 0.908
1093799 0.911
1093800 0.921
1093801 0.913
1093810 0.92
1093811 0.918
1093812 0.924
1093813 0.923
1093814 0.927
1093815 0.928
1093816 0.925
1093817 0.925
1093818 0.927
1097778 0.854
1097794 0.862
1097795 0.857
1097810 0.86
1097811 0.859
1097812 0.869
1097826 0.867
1097827 0.872
1097828 0.881
1097829 0.879
1097842 0.876
1097843 0.874
1097844 0.872
1097845 0.882
1097846 0.869
1097858 0.885
1097859 0.88
1097860 0.893
1097861 0.879
1097862 0.904
1097863 0.902
1097874 0.896
1097875 0.897
1097876 0.901
1097877 0.902
1097878 0.901
1097879 0.899
1097880 0.907
1097890 0.907
1097891 0.905
1097892 0.9
1097893 0.92
1097894 0.922
1097895 0.917
1097896 0.923
1097897 0.914
1097906 0.931
1097907 0.927
1097908 0.925
1097909 0.924
1097910 0.928
1097911 0.924
1097912 0.93
1097913 0.928
1097914 0.931
1097922 0.941
1097923 0.942
1097924 0.942
1097925 0.942
1097926 0.941
1097927 0.945
1097928 0.941
1097929 0.942
1097930 0.948
1097931 0.943
1101874 0.852
1101890 0.866
1101891 0.857
1101906 0.863
1101907 0.867
1101908 0.866
1101922 0.864
1101923 0.866
1101924 0.874
1101925 0.871
1101938 0.878
1101939 0.873
1101940 0.873
1101941 0.88
1101942 0.88
1101954 0.878
1101955 0.883
1101956 0.881
1101957 0.884
1101958 0.89
1101959 0.893
1101970 0.895
1101971 0.891
1101972 0.89
1101973 0.9
1101974 0.895
1101975 0.904
1101976 0.908
1101986 0.905
1101987 0.913
1101988 0.907
1101989 0.911
1101990 0.917
1101991 0.928
1101992 0.922
1101993 0.925
1102002 0.932
1102003 0.92
1102004 0.932
1102005 0.923
1102006 0.93
1102007 0.936
1102008 0.928
1102009 0.932
1102010 0.931
1102018 0.945
1102019 0.936
1102020 0.939
1102021 0.947
1102022 0.944
1102023 0.943
1102024 0.945
1102025 0.945
1102026 0.95
1102027 0.954
1102034 0.958
1102035 0.961
1102036 0.959
1102037 0.96
1102038 0.961
1102039 0.964
1102040 0.964
1102041 0.962
1102042 0.962
1102043 0.962
1102044 0.962
1105970 0.859
1105986 0.855
1105987 0.859
1106002 0.862
1106003 0.862
1106004 0.858
1106018 0.874
1106019 0.866
1106020 0.87
1106021 0.873
1106034 0.87
1106035 0.864
1106036 0.887
1106037 0.875
1106038 0.876
1106050 0.886
1106051 0.888
1106052 0.881
1106053 0.894
1106054 0.888
1106055 0.893
1106066 0.891
1106067 0.9
1106068 0.888
1106069 0.897
1106070 0.902
1106071 0.904
1106072 0.918
1106082 0.914
1106083 0.912
1106084 0.912
1106085 0.911
1106086 0.912
1106087 0.917
1106088 0.913
1106089 0.915
1106098 0.931
1106099 0.926
1106100 0.923
1106101 0.934
1106102 0.931
1106103 0.931
1106104 0.927
1106105 0.932
1106106 0.93
1106114 0.943
1106115 0.941
1106116 0.947
1106117 0.952
1106118 0.947
1106119 0.955
1106120 0.951
1106121 0.954
1106122 0.952
1106123 0.953
1106130 0.964
1106131 0.968
1106132 0.965
1106133 0.962
1106134 0.969
1106135 0.97
1106136 0.967
1106137 0.972
1106138 0.972
1106139 0.973
1106140 0.972
1106146 0.981
1106147 0.981
1106148 0.98
1106149 0.981
1106150 0.982
1106151 0.983
1106152 0.98
1106153 0.981
1106154 0.981
1106155 0.982
1106156 0.981
1106157 0.98
2106146 0.958
2106162 0.978
2106163 0.611
2106402 0.947
2106434 0.975
2106436 0.639
2106658 0.945
2106706 0.98
2106709 0.659
2106914 0.95
2106978 0.979
2106982 0.683
2107170 0.95
2107250 0.979
2107255 0.754
2107426 0.953
2107522 0.981
2107528 0.761
2107682 0.946
2107794 0.979
2107938 0.946
2108066 0.98
2108074 0.831
2108194 0.948
2108338 0.981
2108347 0.861
2108450 0.95
2108610 0.982
2108620 0.867
2108706 0.947
2108882 0.985
2108893 0.923
2108962 0.95
2109154 0.985
2109166 0.946
2109986 0.572
2110002 0.977
2110003 0.984
2110515 0.95
2110531 0.983
2110771 0.946
2110803 0.979
2110805 0.654
2111027 0.946
2111075 0.982
2111283 0.952
2111347 0.982
2111351 0.744
2111539 0.951
2111619 0.984
2111624 0.755
2111795 0.953
2111891 0.983
2111897 0.816
2112051 0.949
2112163 0.982
2112307 0.941
2112435 0.984
2112443 0.864
2112563 0.949
2112707 0.984
2112716 0.893
2112819 0.95
2112979 0.986
2112989 0.92
2113075 0.953
2113251 0.985
2113262 0.956
2114082 0.597
2114114 0.98
2114116 0.987
2114355 0.612
2114371 0.976
2114372 0.986
2114884 0.956
2114900 0.984
2115140 0.952
2115172 0.982
2115174 0.707
2115396 0.956
2115444 0.981
2115447 0.727
2115652 0.952
2115716 0.983
2115908 0.95
2115988 0.986
2115993 0.798
2116164 0.962
2116260 0.986
2116266 0.808
2116420 0.958
2116532 0.987
2116539 0.868
2116676 0.956
2116804 0.988
2116812 0.884
2116932 0.957
2117076 0.985
2117085 0.918
2117188 0.951
2117348 0.988
2117358 0.953
2118178 0.596
2118226 0.977
2118229 0.988
2118451 0.629
2118483 0.982
2118485 0.988
2118724 0.655
2118740 0.983
2118741 0.989
2119253 0.954
2119269 0.981
2119270 0.687
2119509 0.955
2119541 0.982
2119543 0.723
2119765 0.961
2119813 0.984
2119816 0.746
2120021 0.951
2120085 0.988
2120089 0.796
2120277 0.952
2120357 0.985
2120362 0.82
2120533 0.959
2120629 0.985
2120635 0.866
2120789 0.955
2120901 0.988
2121045 0.957
2121173 0.985
2121181 0.929
2121301 0.957
2121445 0.988
2121454 0.954
2122274 0.597
2122338 0.982
2122342 0.985
2122547 0.627
2122595 0.978
2122598 0.99
2122820 0.667
2122852 0.98
2122854 0.986
2123093 0.688
2123109 0.984
2123110 0.987
2123622 0.957
2123638 0.982
2123639 0.727
2123878 0.957
2123910 0.987
2123912 0.76
2124134 0.955
2124182 0.985
2124185 0.804
2124390 0.962
2124454 0.988
2124458 0.828
2124646 0.959
2124726 0.986
2124731 0.863
2124902 0.959
2124998 0.989
2125004 0.886
2125158 0.964
2125270 0.988
2125414 0.96
2125542 0.992
2125550 0.952
2126370 0.594
2126450 0.983
2126455 0.989
2126643 0.608
2126707 0.985
2126711 0.992
2126916 0.639
2126964 0.984
2126967 0.989
2127189 0.675
2127221 0.985
2127223 0.99
2127462 0.731
2127478 0.985
2127479 0.988
2127991 0.967
2128007 0.987
2128008 0.75
2128247 0.963
2128279 0.987
2128281 0.781
2128503 0.966
2128551 0.988
2128759 0.959
2128823 0.989
2128827 0.851
2129015 0.958
2129095 0.993
2129100 0.886
2129271 0.973
2129367 0.99
2129373 0.9
2129527 0.957
2129639 0.992
2130466 0.577
2130562 0.984
2130568 0.986
2130739 0.652
2130819 0.981
2130824 0.99
2131012 0.642
2131076 0.985
2131080 0.989
2131285 0.681
2131333 0.986
2131336 0.992
2131558 0.721
2131590 0.988
2131592 0.993
2131847 0.988
2131848 0.991
2132360 0.961
2132376 0.989
2132377 0.764
2132616 0.965
2132648 0.993
2132650 0.834
2132872 0.964
2132920 0.989
2132923 0.871
2133128 0.963
2133192 0.991
2133196 0.875
2133384 0.965
2133464 0.99
2133469 0.924
2133640 0.969
2133736 0.99
2133742 0.967
2134562 0.586
2134674 0.981
2134681 0.989
2134835 0.613
2134931 0.985
2134937 0.992
2135108 0.656
2135188 0.986
2135193 0.985
2135381 0.689
2135445 0.987
2135449 0.989
2135702 0.985
2135705 0.989
2135927 0.764
2135959 0.985
2135961 0.99
2136200 0.798
2136216 0.991
2136217 0.99
2136729 0.967
2136745 0.99
2136746 0.814
2136985 0.965
2137017 0.992
2137019 0.854
2137241 0.967
2137289 0.992
2137292 0.897
2137497 0.966
2137561 0.992
2137565 0.906
2137753 0.971
2137833 0.993
2137838 0.945
2138658 0.563
2138786 0.986
2138794 0.994
2138931 0.621
2139043 0.984
2139050 0.991
2139204 0.638
2139300 0.987
2139306 0.992
2139477 0.647
2139557 0.989
2139562 0.989
2139750 0.72
2139814 0.988
2139818 0.993
2140023 0.754
2140071 0.991
2140074 0.991
2140296 0.78
2140328 0.989
2140330 0.991
2140569 0.829
2140585 0.991
2140586 0.991
2141098 0.973
2141114 0.99
2141115 0.868
2141354 0.971
2141386 0.992
2141388 0.909
2141610 0.97
2141658 0.994
2141661 0.919
2141866 0.971
2141930 0.994
2141934 0.96
2142754 0.572
2142898 0.984
2142907 0.993
2143027 0.631
2143155 0.987
2143163 0.995
2143300 0.62
2143412 0.986
2143419 0.993
2143573 0.693
2143669 0.987
2143675 0.991
2143846 0.713
2143926 0.988
2143931 0.994
2144183 0.992
2144187 0.994
2144392 0.79
2144440 0.994
2144443 0.988
2144665 0.805
2144697 0.993
2144699 0.99
2144938 0.876
2144954 0.992
2144955 0.993
2145467 0.969
2145483 0.996
2145484 0.897
2145723 0.974
2145755 0.996
2145757 0.919
2145979 0.971
2146027 0.995
2146030 0.953
2146850 0.593
2147010 0.985
2147020 0.992
2147267 0.988
2147276 0.993
2147396 0.641
2147524 0.989
2147532 0.993
2147669 0.705
2147781 0.99
2147788 0.994
2147942 0.714
2148038 0.992
2148044 0.991
2148215 0.748
2148295 0.991
2148300 0.992
2148488 0.776
2148552 0.993
2148556 0.992
2148761 0.822
2148809 0.993
2148812 0.995
2149066 0.994
2149068 0.992
2149307 0.892
2149323 0.995
2149324 0.995
2149836 0.975
2149852 0.996
2149853 0.929
2150092 0.97
2150124 0.997
2150126 0.96
2150946 0.601
2151122 0.985
2151133 0.992
2151219 0.627
2151379 0.988
2151389 0.994
2151492 0.655
2151636 0.989
2151645 0.993
2151765 0.69
2151893 0.989
2151901 0.994
2152038 0.724
2152150 0.991
2152157 0.993
2152311 0.775
2152407 0.995
2152413 0.994
2152584 0.766
2152664 0.993
2152669 0.995
2152857 0.826
2152921 0.995
2152925 0.992
2153130 0.823
2153178 0.997
2153181 0.992
2153403 0.895
2153435 0.996
2153437 0.994
2153676 0.921
2153692 0.996
2153693 0.996
2154205 0.976
2154221 0.998
2154222 0.957
2155042 0.617
2155234 0.986
2155246 0.996
2155315 0.627
2155491 0.989
2155502 0.995
2155588 0.661
2155748 0.991
2155758 0.998
2155861 0.701
2156005 0.991
2156014 0.996
2156134 0.747
2156262 0.994
2156270 0.997
2156407 0.747
2156519 0.994
2156526 0.995
2156680 0.776
2156776 0.994
2156782 0.996
2156953 0.828
2157033 0.995
2157038 0.997
2157226 0.873
2157290 0.997
2157294 0.994
2157499 0.893
2157547 0.997
2157550 0.997
2157772 0.925
2157804 0.999
2157806 0.994
2158045 0.952
2158061 0.999
2158062 0.995
4202530 0.999
4202546 1.0
4202562 1.0
4202578 1.0
4202594 1.0
4202610 1.0
4202626 1.0
4202642 1.0
4202658 1.0
4202674 1.0
4202690 1.0
4202706 0.999
4202722 1.0
4206642 1.0
4206643 0.999
4206659 1.0
4206675 1.0
4206691 1.0
4206707 1.0
4206723 1.0
4206739 1.0
4206755 0.999
4206803 1.0
4210754 1.0
4210756 1.0
4210772 1.0
4210804 0.999
4210820 1.0
4210868 1.0
4210884 1.0
4210900 1.0
4210916 1.0
4214867 1.0
4214868 0.999
4214869 0.999
4214901 1.0
4214917 1.0
4214933 1.0
4214949 0.998
4214965 1.0
4214981 1.0
4214997 1.0
4218978 1.0
4218980 1.0
4218981 1.0
4218982 1.0
4218998 0.999
4219014 1.0
4219030 1.0
4219046 1.0
4219062 1.0
4219078 1.0
4219094 0.999
4219110 1.0
4223090 1.0
4223091 0.999
4223092 0.996
4223093 1.0
4223094 1.0
4223095 1.0
4223127 0.999
4223143 1.0
4223159 1.0
4223191 1.0
4223207 1.0
4227202 1.0
4227203 1.0
4227204 1.0
4227205 1.0
4227206 1.0
4227207 1.0
4227208 1.0
4227240 1.0
4227256 1.0
4227272 0.999
4227288 1.0
4227304 1.0
4231314 1.0
4231315 1.0
4231316 1.0
4231317 0.999
4231318 1.0
4231319 1.0
4231320 1.0
4231321 1.0
4231353 1.0
4231369 1.0
4231401 1.0
4235426 1.0
4235427 1.0
4235428 1.0
4235430 1.0
4235431 1.0
4235434 0.999
4235466 1.0
4235482 1.0
4235498 1.0
4239538 1.0
4239539 1.0
4239540 1.0
4239541 1.0
4239542 1.0
4239543 1.0
4239544 1.0
4239546 1.0
4239547 1.0
4239579 1.0
4239595 1.0
4243650 1.0
4243651 1.0
4243652 1.0
4243654 1.0
4243655 1.0
4243656 1.0
4243658 1.0
4243659 1.0
4243660 1.0
4243692 1.0
4247762 1.0
4247763 1.0
4247765 1.0
4247766 1.0
4247767 1.0
4247769 1.0
4247770 1.0
4247771 1.0
4247772 1.0
4247773 1.0
4247789 1.0
4251875 1.0
4251876 1.0
4251877 1.0
4251879 1.0
4251880 1.0
4251881 1.0
4251882 1.0
4251883 1.0
4251885 1.0
4251886 1.0
8396850 0.992
8396867 1.0
8396883 1.0
8396884 1.0
8396900 1.0
8400979 1.0
8400996 1.0
8401011 1.0
8401014 1.0
8405093 1.0
8405110 1.0
8405127 1.0
8409205 1.0
8409206 0.998
8409223 1.0
8409237 1.0
8409238 1.0
8409239 1.0
8413302 0.992
8413350 1.0
8417449 1.0
8417465 1.0
8421528 0.998
8421577 1.0
8421578 1.0
8421579 1.0
8425641 1.0
8425674 1.0
8425690 1.0
8429771 1.0
8429803 1.0
8429804 1.0
