A A 0.8522
A 2 0.5362
A 3 0.5523
A 4 0.5754
A 5 0.5762
A 6 0.5928
A 7 0.5965
A 8 0.611
A 9 0.618
A T 0.6335
A J 0.6529
A Q 0.6501
A K 0.6585
2 2 0.4968
2 3 0.2866
2 4 0.3007
2 5 0.3182
2 6 0.3273
2 7 0.3284
2 8 0.3578
2 9 0.3822
2 T 0.4164
2 J 0.4402
2 Q 0.4667
2 K 0.4953
3 3 0.5349
3 4 0.327
3 5 0.3382
3 6 0.3576
3 7 0.3633
3 8 0.379
3 9 0.3942
3 T 0.4305
3 J 0.4514
3 Q 0.4782
3 K 0.5154
4 4 0.5586
4 5 0.3596
4 6 0.3779
4 7 0.3789
4 8 0.3957
4 9 0.4133
4 T 0.4364
4 J 0.4659
4 Q 0.4907
4 K 0.5268
5 5 0.5956
5 6 0.4117
5 7 0.4085
5 8 0.4164
5 9 0.437
5 T 0.4516
5 J 0.4841
5 Q 0.5124
5 K 0.5364
6 6 0.6348
6 7 0.4325
6 8 0.44
6 9 0.444
6 T 0.4734
6 J 0.4894
6 Q 0.5277
6 K 0.5537
7 7 0.6701
7 8 0.4663
7 9 0.478
7 T 0.4918
7 J 0.5057
7 Q 0.5342
7 K 0.5713
8 8 0.7003
8 9 0.4809
8 T 0.5071
8 J 0.5295
8 Q 0.5577
8 K 0.5762
9 9 0.7241
9 T 0.5305
9 J 0.5446
9 Q 0.5704
9 K 0.5917
T T 0.7548
T J 0.5653
T Q 0.5884
T K 0.6165
J J 0.7843
J Q 0.5776
J K 0.6197
Q Q 0.8057
Q K 0.6212
K K 0.828
