preflop
123118 0.8522
58082 0.5362
58339 0.5523
58596 0.5754
58853 0.5762
59110 0.5928
59367 0.5965
59624 0.611
59881 0.618
60138 0.6335
60395 0.6529
60652 0.6501
60909 0.6585
73762 0.4968
12850 0.2866
16962 0.3007
21074 0.3182
25186 0.3273
29298 0.3284
33410 0.3578
37522 0.3822
41634 0.4164
45746 0.4402
49858 0.4667
53970 0.4953
77875 0.5349
17219 0.327
21331 0.3382
25443 0.3576
29555 0.3633
33667 0.379
37779 0.3942
41891 0.4305
46003 0.4514
50115 0.4782
54227 0.5154
81988 0.5586
21588 0.3596
25700 0.3779
29812 0.3789
33924 0.3957
38036 0.4133
42148 0.4364
46260 0.4659
50372 0.4907
54484 0.5268
86101 0.5956
25957 0.4117
30069 0.4085
34181 0.4164
38293 0.437
42405 0.4516
46517 0.4841
50629 0.5124
54741 0.5364
90214 0.6348
30326 0.4325
34438 0.44
38550 0.444
42662 0.4734
46774 0.4894
50886 0.5277
54998 0.5537
94327 0.6701
34695 0.4663
38807 0.478
42919 0.4918
47031 0.5057
51143 0.5342
55255 0.5713
98440 0.7003
39064 0.4809
43176 0.5071
47288 0.5295
51400 0.5577
55512 0.5762
102553 0.7241
43433 0.5305
47545 0.5446
51657 0.5704
55769 0.5917
106666 0.7548
47802 0.5653
51914 0.5884
56026 0.6165
110779 0.7843
52171 0.5776
56283 0.6197
114892 0.8057
56540 0.6212
119005 0.828