flop
12850 0.173
16962 0.205
17219 0.151
21074 0.163
21331 0.191
21588 0.28
25186 0.187
25443 0.206
25700 0.223
25957 0.275
29298 0.208
29555 0.237
29812 0.339
30069 0.248
30326 0.287
33410 0.216
33667 0.233
33924 0.31
34181 0.327
34438 0.296
34695 0.355
37522 0.217
37779 0.237
38036 0.254
38293 0.342
38550 0.354
38807 0.329
39064 0.378
41634 0.274
41891 0.276
42148 0.321
42405 0.33
42662 0.379
42919 0.382
43176 0.392
43433 0.484
45746 0.351
46003 0.321
46260 0.383
46517 0.383
46774 0.343
47031 0.567
47288 0.466
47545 0.435
47802 0.534
49858 0.389
50115 0.393
50372 0.338
50629 0.439
50886 0.373
51143 0.41
51400 0.425
51657 0.48
51914 0.404
52171 0.465
53970 0.393
54227 0.385
54484 0.418
54741 0.486
54998 0.42
55255 0.448
55512 0.463
55769 0.503
56026 0.447
56283 0.543
56540 0.485
58082 0.475
58339 0.427
58596 0.427
58853 0.446
59110 0.463
59367 0.523
59624 0.52
59881 0.5
60138 0.528
60395 0.492
60652 0.493
60909 0.57
73762 0.407
73778 0.432
73794 0.551
73810 0.52
73826 0.593
73842 0.53
73858 0.551
73874 0.502
73880 0.268
73890 0.54
73891 0.26
73908 0.333
73911 0.343
73922 0.568
73925 0.333
73930 0.463
73954 0.575
77874 0.519
77875 0.473
77891 0.573
77906 0.18
77907 0.554
77923 0.545
77939 0.588
77940 0.242
77941 0.335
77955 0.574
77971 0.545
77987 0.622
77989 0.263
78008 0.632
78009 0.417
78019 0.537
78022 0.443
78024 0.66
78034 0.48
78035 0.621
78039 0.427
78051 0.589
78055 0.715
78056 0.57
78057 0.627
78059 0.515
81988 0.527
82003 0.168
82020 0.599
82034 0.203
82067 0.258
82068 0.631
82082 0.28
82083 0.258
82084 0.584
82104 0.36
82115 0.615
82116 0.597
82120 0.422
82132 0.599
82148 0.68
86083 0.427
86098 0.637
86099 0.56
86100 0.552
86101 0.625
86117 0.584
86133 0.598
86149 0.682
86163 0.22
86165 0.601
86166 0.453
86181 0.532
86197 0.647
86199 0.409
86213 0.539
86229 0.641
86230 0.5
86234 0.522
86235 0.532
86243 0.545
86244 0.725
86245 0.604
86252 0.613
90211 0.448
90212 0.48
90214 0.576
90228 0.278
90230 0.635
90246 0.623
90247 0.415
90262 0.705
90274 0.289
90278 0.657
90280 0.37
90294 0.682
90296 0.407
90310 0.662
90324 0.4
90326 0.653
90330 0.554
90340 0.515
90342 0.645
94275 0.195
94291 0.2
94322 0.616
94323 0.468
94325 0.675
94326 0.756
94327 0.624
94341 0.268
94343 0.542
94355 0.245
94359 0.667
94360 0.333
94375 0.656
94376 0.352
94391 0.66
94407 0.72
94423 0.627
94424 0.492
94434 0.542
94439 0.725
94441 0.53
94445 0.64
98403 0.247
98405 0.188
98435 0.647
98436 0.651
98437 0.53
98438 0.625
98439 0.617
98440 0.723
98470 0.367
98472 0.716
98483 0.3
98488 0.609
98501 0.444
98504 0.704
98507 0.45
98514 0.487
98517 0.482
98520 0.695
102467 0.15
102482 0.122
102499 0.205
102500 0.19
102533 0.36
102548 0.718
102549 0.675
102550 0.785
102551 0.728
102552 0.685
102553 0.648
102569 0.765
102582 0.352
102594 0.475
102598 0.497
102601 0.762
102603 0.675
102617 0.726
102633 0.731
106562 0.092
106578 0.278
106580 0.175
106596 0.302
106626 0.22
106646 0.435
106658 0.76
106659 0.634
106660 0.682
106662 0.689
106663 0.794
106665 0.73
106666 0.711
106682 0.762
106692 0.41
106693 0.425
106694 0.455
106698 0.738
106706 0.482
106707 0.463
106708 0.443
106714 0.788
106716 0.557
106730 0.756
110658 0.295
110659 0.255
110707 0.268
110727 0.335
110739 0.362
110757 0.435
110771 0.728
110772 0.772
110773 0.652
110774 0.759
110775 0.57
110776 0.775
110777 0.767
110778 0.784
110779 0.75
110794 0.568
110795 0.829
110802 0.552
110807 0.647
110811 0.83
110812 0.667
110823 0.608
110827 0.81
114805 0.223
114837 0.35
114839 0.46
114840 0.405
114857 0.46
114866 0.438
114868 0.347
114873 0.537
114883 0.762
114884 0.741
114885 0.736
114886 0.791
114888 0.807
114889 0.777
114890 0.811
114891 0.84
114892 0.805
114914 0.501
114919 0.623
114921 0.595
114924 0.797
118867 0.172
118963 0.412
118982 0.502
118994 0.767
118995 0.828
118996 0.807
118997 0.792
118998 0.838
118999 0.829
119000 0.87
119001 0.843
119002 0.824
119003 0.843
119004 0.855
119005 0.755
119010 0.502
119017 0.522
119021 0.745
122963 0.176
123010 0.242
123026 0.335
123028 0.268
123031 0.42
123045 0.388
123048 0.4
123059 0.432
123060 0.448
123062 0.463
123090 0.492
123106 0.828
123107 0.812
123108 0.841
123109 0.885
123110 0.842
123111 0.864
123112 0.762
123113 0.831
123114 0.907
123115 0.886
123116 0.917
123117 0.906
123118 0.833
148148 0.65
148275 0.465
148451 0.685
152098 0.468
152467 0.605
152660 0.805
156258 0.838
157026 0.635
157029 0.72
160373 0.64
161398 0.875
168482 0.45
168851 0.84
169433 0.802
169844 0.618
169875 0.705
169877 0.7
170201 0.733
173546 0.82
173991 0.882
174245 0.72
174248 0.81
174538 0.685
177332 0.848
177589 0.882
178311 0.71
178357 0.75
178617 0.902
181653 0.632
181958 0.885
182210 0.78
182215 0.767
182408 0.755
182732 0.823
182954 0.74
186070 0.938
186231 0.695
188962 0.455
189157 0.845
189668 0.887
190166 0.757
190696 0.922
190868 0.78
191210 0.932
191470 0.885
270370 0.935
270434 0.917
270498 0.89
270546 0.951
274614 0.393
274628 0.477
278628 0.98
278695 0.378
278756 0.887
286821 0.927
286822 0.88
290930 0.927
290935 0.965
291031 0.932
295045 0.945
295048 0.965
303268 0.9
307350 0.362
307379 0.963
307383 0.915
311496 0.925
311498 0.973
311500 0.945
536691 0.858
565466 0.945
565483 0.963
1097925 0.915
1097931 0.915
1101908 0.89
2114116 0.99
2126370 0.615
2128503 0.94
4206643 1.0
