flop 41891 8 0.365
flop 30069 5 0.3
flop 56540 11 0.51
flop 33667 6 0.24
flop 185069 12 0.86
flop 123114 12 0.89
flop 25443 4 0.175
flop 60138 12 0.498
flop 90326 11 0.69
flop 58853 12 0.52
flop 56283 11 0.53
flop 86165 7 0.6
flop 73906 9 0.54
flop 123118 12 0.85
flop 25957 4 0.275
flop 51657 10 0.39
flop 102547 7 0.625
flop 90195 3 0.25
flop 47802 9 0.398
flop 114884 10 0.785
flop 29555 5 0.24
flop 98434 6 0.725
flop 90278 8 0.65
flop 29812 5 0.23
flop 94327 5 0.72
flop 37779 7 0.323
flop 37522 7 0.27
flop 102617 11 0.65
flop 110658 2 0.19
flop 119000 11 0.85
flop 33410 6 0.24
flop 94325 5 0.56
flop 565482 12 0.92
flop 118996 11 0.895
flop 98485 9 0.34
flop 21588 3 0.25
flop 55769 11 0.522
flop 25700 4 0.185
flop 43176 8 0.385
flop 164482 6 0.84
flop 102569 8 0.765
flop 94418 11 0.44
flop 73778 1 0.54
flop 114892 10 0.89
flop 47545 9 0.43
flop 123111 12 0.84
flop 52171 10 0.51
flop 118995 11 0.78
flop 55255 11 0.33
flop 286903 9 0.42
flop 58339 12 0.45
flop 38550 7 0.45
flop 110642 1 0.105
flop 178356 9 0.655
flop 178874 9 0.89
flop 165847 11 0.75
flop 53970 11 0.28
flop 16962 2 0.253
flop 110811 11 0.72
flop 110774 9 0.76
flop 180802 2 0.52
flop 21074 3 0.065
flop 86116 4 0.165
flop 82034 5 0.2
flop 82072 7 0.28
flop 172964 8 0.735
flop 81987 2 0.59
flop 82021 4 0.185
flop 118883 4 0.265
flop 58596 12 0.375
flop 123109 12 0.8
flop 86133 5 0.73
flop 50886 10 0.44
flop 45746 9 0.3
flop 169108 7 0.88
flop 42662 8 0.295
flop 73762 0 0.4
flop 46260 9 0.43
flop 33924 6 0.325
flop 90312 10 0.485
flop 12850 1 0.33
flop 86162 7 0.275
flop 110770 9 0.7
flop 46517 9 0.285
flop 38807 7 0.275
flop 118898 5 0.295
flop 187610 11 0.84
turn 114838 7 0.21
turn 47802 9 0.275
turn 25700 4 0.23
turn 73938 11 0.485
turn 82004 3 0.74
turn 122946 2 0.125
turn 50115 10 0.29
turn 189668 12 0.89
turn 81987 2 0.43
turn 169624 7 0.73
turn 59367 12 0.41
turn 191469 12 0.915
turn 49858 10 0.2
turn 59624 12 0.425
turn 73912 9 0.34
turn 177765 4 0.695
turn 77875 1 0.34
turn 165330 11 0.465
turn 180930 10 0.9
turn 98438 6 0.66
turn 191171 10 0.545
turn 102549 7 0.56
turn 90210 4 0.505
turn 94371 8 0.205
turn 82116 10 0.635
turn 42148 8 0.24
turn 165253 6 0.825
turn 557242 9 0.94
turn 34438 6 0.135
turn 110794 10 0.46
turn 90213 4 0.62
turn 38550 7 0.232
turn 119005 11 0.855
turn 118899 5 0.27
turn 17219 2 0.07
turn 39064 7 0.435
turn 98488 9 0.685
turn 58596 12 0.398
turn 43176 8 0.28
turn 110787 10 0.29
turn 55769 11 0.345
turn 77970 7 0.25
turn 51143 10 0.302
turn 178100 9 0.77
turn 118900 5 0.21
turn 42662 8 0.3
turn 181964 10 0.775
turn 82100 9 0.585
turn 94326 5 0.68
turn 90342 12 0.705
turn 114898 11 0.375
turn 94258 1 0.055
turn 54484 11 0.52
turn 90214 4 0.4
turn 106706 11 0.59
turn 114900 11 0.47
turn 118951 8 0.225
turn 160835 2 0.67
turn 102550 7 0.73
turn 160836 2 0.46
turn 59881 12 0.505
turn 43433 8 0.31
turn 16962 2 0.045
turn 181444 10 0.87
turn 41634 8 0.25
turn 73954 12 0.45
turn 123113 12 0.795
turn 78027 10 0.435
turn 47288 9 0.425
turn 46517 9 0.27
turn 82118 10 0.285
turn 123106 12 0.725
turn 77923 4 0.555
turn 290931 5 0.95
turn 123118 12 0.805
turn 38293 7 0.125
turn 186842 11 0.875
turn 73922 10 0.46
turn 119019 12 0.605
turn 123107 12 0.87
turn 12850 1 0.17
turn 82068 7 0.52
turn 21331 3 0.06
turn 21588 3 0.255
turn 33410 6 0.145
turn 86164 7 0.105
turn 190182 12 0.95
turn 30326 5 0.225
river 270370 0 0.97
river 58082 12 0.27
river 118969 9 0.24
river 73778 1 0.41
river 77986 8 0.08
river 81988 2 0.62
river 2142754 0 0.73
river 118994 11 0.755
river 37779 7 0.05
river 189330 7 0.115
river 82036 5 0.36
river 114908 11 0.84
river 42919 8 0.15
river 38036 7 0.145
river 565484 12 0.97
river 58339 12 0.335
river 78003 9 0.45
river 82068 7 0.41
river 191724 12 0.85
river 123106 12 0.865
river 94322 5 0.62
river 102531 6 0.13
river 55255 11 0.285
river 172745 10 0.565
river 1106054 6 0.73
river 553111 7 0.915
river 90261 7 0.11
river 86098 3 0.345
river 118946 8 0.14
river 1097827 4 0.61
river 94323 5 0.56
river 55512 11 0.34
river 177593 9 0.835
river 94377 8 0.13
river 536694 5 0.96
river 47545 9 0.135
river 33410 6 0.185
river 122996 5 0.115
river 82066 7 0.03
river 123117 12 0.81
river 118997 11 0.83
river 86218 10 0.245
river 106658 8 0.39
river 49858 10 0.205
river 190952 12 0.85
river 102617 11 0.72
river 1102037 11 0.99
river 282821 10 0.96
river 90329 11 0.52
river 185815 11 0.785
river 185298 11 0.49
river 51657 10 0.245
river 122995 5 0.05
river 2149852 11 0.99
river 86116 4 0.02
river 160627 5 0.91
river 82137 11 0.385
river 156838 8 0.585
river 94407 10 0.47
river 106562 2 0.03
river 174553 11 0.74
river 157158 12 0.53
river 106546 1 0.005
river 114889 10 0.735
river 182745 11 0.85
river 90274 8 0.1
river 177043 7 0.59
river 160932 8 0.55
river 185813 11 0.98
river 172965 8 0.755
river 16962 2 0.01
river 90264 7 0.065
river 82103 9 0.165
river 169927 10 0.73
river 176754 5 0.55
river 110738 7 0.09
river 1106130 11 0.97
river 106714 11 0.285
river 123108 12 0.88
river 177339 9 0.87
river 77923 4 0.475
river 161138 5 0.61
river 191981 12 0.975
river 102610 11 0.305
river 168594 7 0.875
river 169877 7 0.64
river 181701 10 0.92
river 1097922 10 0.97
river 77974 7 0.185
river 2107250 5 0.975
river 90310 10 0.565
river 73938 11 0.475
river 47802 9 0.11
river 185046 11 0.815
river 106731 12 0.535
