flop 38293 7 0.238
flop 33924 6 0.246
flop 59624 12 0.502
flop 94359 7 0.791
flop 82052 6 0.55
flop 54227 11 0.43
flop 73778 1 0.55
flop 60909 12 0.544
flop 43433 8 0.343
flop 73938 11 0.619
flop 110775 9 0.789
flop 77874 1 0.52
flop 98507 10 0.475
flop 82004 3 0.657
flop 110778 9 0.733
flop 54484 11 0.412
flop 58082 12 0.365
flop 118995 11 0.799
flop 42148 8 0.256
flop 102551 7 0.772
flop 102514 5 0.21
flop 90212 4 0.577
flop 123112 12 0.841
flop 25700 4 0.224
flop 77975 7 0.301
flop 54741 11 0.552
flop 187613 11 0.854
flop 60138 12 0.466
flop 51657 10 0.406
flop 39064 7 0.438
flop 173413 4 0.635
flop 52171 10 0.385
flop 56540 11 0.498
flop 102552 7 0.731
flop 37779 7 0.259
flop 148292 2 0.574
flop 86213 10 0.605
flop 119000 11 0.805
flop 78042 11 0.557
flop 81986 2 0.495
flop 77923 4 0.636
flop 106682 9 0.756
flop 30326 5 0.23
flop 123113 12 0.875
flop 29298 5 0.203
flop 86099 3 0.626
flop 186584 11 0.911
flop 50372 10 0.388
flop 114892 10 0.832
flop 25957 4 0.215
flop 55255 11 0.544
flop 98440 6 0.619
flop 59110 12 0.439
flop 73842 5 0.556
flop 47802 9 0.398
flop 42662 8 0.394
flop 34695 6 0.48
flop 55512 11 0.443
flop 82116 10 0.59
flop 46003 9 0.319
flop 98438 6 0.545
flop 47031 9 0.441
flop 119004 11 0.849
flop 102549 7 0.675
flop 25186 4 0.165
flop 58853 12 0.662
flop 102569 8 0.638
flop 77939 5 0.593
flop 102617 11 0.749
flop 282807 9 0.465
flop 90214 4 0.585
flop 181701 10 0.908
flop 60395 12 0.5
flop 119002 11 0.84
flop 43176 8 0.345
flop 25443 4 0.187
flop 168819 5 0.609
flop 177844 9 0.775
flop 77941 5 0.242
flop 38036 7 0.232
flop 168601 7 0.699
flop 77987 8 0.601
flop 106698 10 0.782
flop 86133 5 0.566
flop 47288 9 0.332
flop 123118 12 0.83
flop 21074 3 0.259
flop 106709 11 0.474
turn 52171 10 0.334
turn 50886 10 0.392
turn 2158061 12 1.0
turn 98456 7 0.67
turn 98436 6 0.562
turn 123113 12 0.834
turn 165608 12 0.682
turn 50372 10 0.296
turn 51143 10 0.403
turn 106664 8 0.742
turn 178103 9 0.923
turn 49858 10 0.354
turn 25700 4 0.107
turn 33667 6 0.146
turn 182215 10 0.856
turn 114883 10 0.73
turn 25443 4 0.105
turn 1097930 10 0.955
turn 157030 4 0.584
turn 42919 8 0.195
turn 94356 7 0.271
turn 59881 12 0.413
turn 90279 8 0.35
turn 56540 11 0.508
turn 86165 7 0.705
turn 47031 9 0.482
turn 82137 11 0.609
turn 98440 6 0.754
turn 165028 8 0.721
turn 77923 4 0.597
turn 114887 10 0.769
turn 110823 12 0.516
turn 86197 9 0.644
turn 47802 9 0.442
turn 21074 3 0.204
turn 98482 9 0.322
turn 30069 5 0.233
turn 77907 3 0.582
turn 42148 8 0.181
turn 185954 4 0.72
turn 38807 7 0.187
turn 46260 9 0.251
turn 118996 11 0.641
turn 183235 10 0.687
turn 98488 9 0.719
turn 56283 11 0.332
turn 37779 7 0.274
turn 114889 10 0.776
turn 25957 4 0.249
turn 102484 3 0.322
turn 86233 11 0.38
turn 536676 4 0.961
turn 98506 10 0.451
turn 286818 4 0.917
turn 186552 9 0.794
turn 98520 11 0.741
turn 21331 3 0.235
turn 114915 12 0.495
turn 123058 9 0.398
turn 77874 1 0.441
turn 160322 2 0.534
turn 102585 9 0.648
turn 77976 7 0.322
turn 110775 9 0.754
turn 98453 7 0.27
turn 29555 5 0.174
turn 110778 9 0.8
turn 42405 8 0.34
turn 82120 10 0.295
turn 43176 8 0.199
turn 183275 12 0.856
turn 38036 7 0.158
turn 186861 12 0.892
turn 2141607 8 0.88
turn 307379 9 0.941
turn 178874 9 0.887
turn 160884 5 0.888
turn 176818 9 0.903
turn 557259 10 0.892
turn 77938 5 0.125
turn 73926 10 0.349
turn 173991 8 0.852
turn 50115 10 0.226
turn 56026 11 0.528
turn 86099 3 0.562
turn 102633 12 0.665
turn 123114 12 0.868
turn 118964 9 0.417
turn 90342 12 0.665
turn 102568 8 0.297
turn 181669 8 0.657
turn 73826 4 0.411
turn 59367 12 0.448
turn 90211 4 0.572
turn 86117 4 0.578
turn 33924 6 0.154
river 78051 12 0.56
river 119003 11 0.807
river 50372 10 0.219
river 152660 3 0.712
river 178102 9 0.804
river 81987 2 0.407
river 2123190 9 0.986
river 164484 6 0.651
river 177077 9 0.824
river 102617 11 0.486
river 98520 11 0.534
river 94324 5 0.522
river 114924 12 0.732
river 191411 9 0.805
river 77975 7 0.134
river 47288 9 0.198
river 17219 2 0.02
river 78057 12 0.322
river 77923 4 0.517
river 190182 12 0.684
river 98452 7 0.101
river 78004 9 0.32
river 184930 4 0.549
river 81986 2 0.488
river 160470 11 0.465
river 58596 12 0.292
river 118900 5 0.043
river 119015 12 0.417
river 59624 12 0.297
river 102582 9 0.164
river 274610 9 0.295
river 180940 10 0.822
river 82118 10 0.35
river 1097863 6 0.948
river 164482 6 0.902
river 82152 12 0.423
river 43176 8 0.174
river 282837 11 0.895
river 181460 11 0.655
river 177830 8 0.683
river 177492 3 0.674
river 56540 11 0.335
river 110777 9 0.789
river 114891 10 0.712
river 4210836 7 1.0
river 16962 2 0.013
river 42919 8 0.26
river 181476 12 0.627
river 178363 9 0.775
river 59110 12 0.259
river 38036 7 0.101
river 110779 9 0.784
river 38293 7 0.085
river 181187 10 0.917
river 152677 4 0.557
river 43433 8 0.1
river 110807 11 0.345
river 86181 8 0.557
river 29298 5 0.043
river 181858 4 0.65
river 86165 7 0.567
river 106730 12 0.781
river 119002 11 0.87
river 82053 6 0.081
river 110744 7 0.097
river 156806 6 0.602
river 33924 6 0.066
river 170120 6 0.625
river 82038 5 0.011
river 47031 9 0.19
river 186579 11 0.787
river 319718 12 0.959
river 118884 4 0.116
river 160370 5 0.849
river 311500 10 0.947
river 102551 7 0.699
river 173478 8 0.732
river 94327 5 0.535
river 73939 11 0.437
river 315609 11 0.927
river 90278 8 0.52
river 90211 4 0.294
river 98438 6 0.279
river 78035 11 0.347
river 190889 8 0.694
river 78003 9 0.286
river 33410 6 0.019
river 82068 7 0.174
river 118953 8 0.404
river 177043 7 0.555
river 565479 12 0.906
river 42405 8 0.261
river 98541 12 0.483
river 303338 12 0.944
river 102594 10 0.341
river 98521 11 0.442
