A A 0.8556
A 2 0.5371
A 3 0.559
A 4 0.5595
A 5 0.5728
A 6 0.5883
A 7 0.5929
A 8 0.6107
A 9 0.6254
A T 0.6406
A J 0.6407
A Q 0.6612
A K 0.6697
2 2 0.4986
2 3 0.2853
2 4 0.2921
2 5 0.3138
2 6 0.3334
2 7 0.3345
2 8 0.3702
2 9 0.3878
2 T 0.4033
2 J 0.427
2 Q 0.47
2 K 0.503
3 3 0.531
3 4 0.32
3 5 0.3365
3 6 0.3566
3 7 0.3624
3 8 0.3728
3 9 0.3941
3 T 0.4283
3 J 0.4583
3 Q 0.4762
3 K 0.5164
4 4 0.5686
4 5 0.3556
4 6 0.3867
4 7 0.3834
4 8 0.3926
4 9 0.4091
4 T 0.4433
4 J 0.4712
4 Q 0.504
4 K 0.5295
5 5 0.5973
5 6 0.3972
5 7 0.4139
5 8 0.4093
5 9 0.4302
5 T 0.4456
5 J 0.4831
5 Q 0.5121
5 K 0.5386
6 6 0.6327
6 7 0.4298
6 8 0.4442
6 9 0.4552
6 T 0.4715
6 J 0.4913
6 Q 0.521
6 K 0.5593
7 7 0.6737
7 8 0.4608
7 9 0.4792
7 T 0.4847
7 J 0.5081
7 Q 0.5341
7 K 0.5669
8 8 0.6944
8 9 0.4863
8 T 0.5063
8 J 0.5276
8 Q 0.5403
8 K 0.5749
9 9 0.7235
9 T 0.5283
9 J 0.5423
9 Q 0.5696
9 K 0.5931
T T 0.7621
T J 0.5734
T Q 0.5924
T K 0.6125
J J 0.7804
J Q 0.593
J K 0.6283
Q Q 0.8019
Q K 0.6368
K K 0.8373
